0.104, 0.085, 0.441, 0.37, 
0.3, 0.03, 0.67, 0.0, 
0.2, 0.423, 0.346, 0.031, 
0.322, 0.11, 0.508, 0.06, 
0.517, 0.044, 0.063, 0.376, 
0.563, 0.143, 0.095, 0.199, 
0.513, 0.234, 0.096, 0.157, 
0.263, 0.282, 0.455, 0.0, 
0.115, 0.257, 0.176, 0.452, 
0.077, 0.667, 0.078, 0.178, 
0.048, 0.614, 0.328, 0.01, 
0.025, 0.242, 0.49, 0.243, 
0.191, 0.31, 0.037, 0.462, 
0.69, 0.048, 0.243, 0.019, 
0.73, 0.125, 0.145, 0.0, 
0.645, 0.114, 0.165, 0.076, 
0.416, 0.01, 0.556, 0.018, 
0.037, 0.252, 0.098, 0.613, 
0.229, 0.333, 0.43, 0.008, 
0.131, 0.601, 0.051, 0.217, 
0.091, 0.378, 0.029, 0.502, 
0.528, 0.326, 0.034, 0.112, 
0.683, 0.066, 0.131, 0.12, 
0.549, 0.11, 0.323, 0.018, 
0.12, 0.271, 0.584, 0.025, 
0.017, 0.056, 0.927, 0.0, 
0.355, 0.29, 0.109, 0.246, 
0.032, 0.069, 0.725, 0.174, 
0.267, 0.285, 0.274, 0.174, 
0.363, 0.4, 0.062, 0.175, 
0.292, 0.198, 0.47, 0.04, 
0.04, 0.084, 0.754, 0.122, 
0.003, 0.928, 0.069, 0.0, 
0.13, 0.779, 0.066, 0.025, 
0.273, 0.108, 0.46, 0.159, 
0.158, 0.324, 0.269, 0.249, 
0.206, 0.291, 0.095, 0.408, 
0.131, 0.252, 0.485, 0.132, 
0.456, 0.143, 0.401, 0.0, 
0.385, 0.094, 0.231, 0.29, 
0.108, 0.692, 0.084, 0.116, 
0.078, 0.189, 0.517, 0.216, 
0.387, 0.075, 0.247, 0.291, 
0.061, 0.423, 0.235, 0.281, 
0.214, 0.387, 0.303, 0.096, 
0.085, 0.464, 0.367, 0.084, 
0.066, 0.667, 0.038, 0.229, 
0.458, 0.039, 0.382, 0.121, 
0.12, 0.116, 0.593, 0.171, 
0.195, 0.191, 0.521, 0.093, 
0.135, 0.196, 0.308, 0.361, 
0.117, 0.3, 0.453, 0.13, 
0.359, 0.076, 0.371, 0.194, 
0.213, 0.487, 0.294, 0.006, 
0.041, 0.666, 0.223, 0.07, 
0.781, 0.066, 0.127, 0.026, 
0.107, 0.734, 0.043, 0.116, 
0.171, 0.516, 0.029, 0.284, 
0.161, 0.39, 0.152, 0.297, 
0.256, 0.07, 0.45, 0.224, 
0.093, 0.103, 0.496, 0.308, 
0.278, 0.04, 0.092, 0.59, 
0.669, 0.035, 0.18, 0.116, 
0.614, 0.144, 0.149, 0.093, 
0.441, 0.127, 0.302, 0.13, 
0.059, 0.419, 0.244, 0.278, 
0.47, 0.273, 0.082, 0.175, 
0.433, 0.246, 0.166, 0.155, 
0.548, 0.081, 0.249, 0.122, 
0.152, 0.472, 0.197, 0.179, 
0.589, 0.346, 0.05, 0.015, 
0.521, 0.264, 0.028, 0.187, 
0.132, 0.354, 0.407, 0.107, 
0.215, 0.192, 0.349, 0.244, 
0.31, 0.077, 0.202, 0.411, 
0.441, 0.133, 0.2, 0.226, 
0.168, 0.128, 0.075, 0.629, 
0.118, 0.285, 0.066, 0.531, 
0.435, 0.248, 0.282, 0.035, 
0.191, 0.369, 0.376, 0.064, 
0.208, 0.296, 0.312, 0.184, 
0.201, 0.121, 0.517, 0.161, 
0.109, 0.503, 0.212, 0.176, 
0.231, 0.488, 0.201, 0.08, 
0.026, 0.35, 0.478, 0.146, 
0.249, 0.484, 0.267, 0.0, 
0.077, 0.31, 0.255, 0.358, 
0.127, 0.573, 0.112, 0.188, 
0.066, 0.09, 0.708, 0.136, 
0.184, 0.498, 0.15, 0.168, 
0.098, 0.147, 0.703, 0.052, 
0.165, 0.429, 0.249, 0.157, 
0.193, 0.561, 0.196, 0.05, 
0.106, 0.635, 0.049, 0.21, 
0.122, 0.56, 0.211, 0.107, 
0.068, 0.519, 0.408, 0.005, 
0.755, 0.077, 0.075, 0.093, 
0.122, 0.059, 0.724, 0.095, 
0.29, 0.029, 0.582, 0.099, 
0.233, 0.467, 0.204, 0.096, 
0.194, 0.255, 0.167, 0.384, 
0.268, 0.192, 0.535, 0.005, 
0.501, 0.067, 0.123, 0.309, 
0.679, 0.227, 0.007, 0.087, 
0.504, 0.221, 0.257, 0.018, 
0.308, 0.11, 0.17, 0.412, 
0.371, 0.137, 0.343, 0.149, 
0.283, 0.081, 0.385, 0.251, 
0.341, 0.12, 0.267, 0.272, 
0.103, 0.406, 0.416, 0.075, 
0.173, 0.059, 0.698, 0.07, 
0.108, 0.126, 0.735, 0.031, 
0.135, 0.264, 0.475, 0.126, 
0.179, 0.461, 0.179, 0.181, 
0.096, 0.634, 0.155, 0.115, 
0.082, 0.633, 0.097, 0.188, 
0.338, 0.126, 0.187, 0.349, 
0.206, 0.171, 0.42, 0.203, 
0.21, 0.11, 0.574, 0.106, 
0.226, 0.425, 0.349, 0.0, 
0.303, 0.225, 0.291, 0.181, 
0.52, 0.185, 0.087, 0.208, 
0.124, 0.531, 0.241, 0.104, 
0.092, 0.296, 0.559, 0.053, 
0.304, 0.184, 0.068, 0.444, 
0.183, 0.262, 0.217, 0.338, 
0.181, 0.044, 0.731, 0.044, 
0.147, 0.056, 0.034, 0.763, 
0.122, 0.41, 0.03, 0.438, 
0.063, 0.167, 0.599, 0.171, 
0.016, 0.173, 0.163, 0.648, 
0.304, 0.081, 0.543, 0.072, 
0.294, 0.529, 0.177, 0.0, 
0.01, 0.296, 0.51, 0.184, 
0.272, 0.639, 0.062, 0.027, 
0.096, 0.423, 0.143, 0.338, 
0.116, 0.341, 0.529, 0.014, 
0.659, 0.145, 0.136, 0.06, 
0.128, 0.092, 0.686, 0.094, 
0.297, 0.047, 0.611, 0.045, 
0.304, 0.017, 0.461, 0.218, 
0.317, 0.164, 0.257, 0.262, 
0.379, 0.325, 0.253, 0.043, 
0.612, 0.056, 0.243, 0.089, 
0.676, 0.013, 0.291, 0.02, 
0.438, 0.318, 0.228, 0.016, 
0.161, 0.225, 0.175, 0.439, 
0.406, 0.331, 0.166, 0.097, 
0.292, 0.141, 0.384, 0.183, 
0.129, 0.443, 0.213, 0.215, 
0.362, 0.227, 0.328, 0.083, 
0.36, 0.142, 0.069, 0.429, 
0.317, 0.242, 0.177, 0.264, 
0.354, 0.261, 0.348, 0.037, 
0.329, 0.162, 0.388, 0.121, 
0.313, 0.057, 0.345, 0.285, 
0.249, 0.228, 0.442, 0.081, 
0.159, 0.091, 0.534, 0.216, 
0.049, 0.471, 0.094, 0.386, 
0.229, 0.246, 0.162, 0.363, 
0.51, 0.154, 0.168, 0.168, 
0.098, 0.205, 0.598, 0.099, 
0.09, 0.336, 0.268, 0.306, 
0.143, 0.065, 0.672, 0.12, 
0.219, 0.493, 0.28, 0.008, 
0.081, 0.443, 0.048, 0.428, 
0.32, 0.013, 0.452, 0.215, 
0.127, 0.045, 0.17, 0.658, 
0.028, 0.062, 0.042, 0.868, 
0.1, 0.1, 0.06, 0.74, 
0.097, 0.167, 0.379, 0.357, 
0.122, 0.239, 0.562, 0.077, 
0.026, 0.347, 0.176, 0.451, 
0.544, 0.141, 0.077, 0.238, 
0.479, 0.267, 0.15, 0.104, 
0.36, 0.475, 0.165, 0.0, 
0.302, 0.264, 0.374, 0.06, 
0.052, 0.147, 0.361, 0.44, 
0.029, 0.544, 0.124, 0.303, 
0.09, 0.133, 0.667, 0.11, 
0.236, 0.055, 0.577, 0.132, 
0.194, 0.306, 0.469, 0.031, 
0.201, 0.473, 0.148, 0.178, 
0.386, 0.325, 0.105, 0.184, 
0.672, 0.028, 0.037, 0.263, 
0.607, 0.006, 0.361, 0.026, 
0.254, 0.492, 0.244, 0.01, 
0.066, 0.542, 0.311, 0.081, 
0.307, 0.185, 0.133, 0.375, 
0.257, 0.396, 0.188, 0.159, 
0.474, 0.3, 0.171, 0.055, 
0.628, 0.129, 0.091, 0.152, 
0.599, 0.165, 0.097, 0.139, 
0.591, 0.133, 0.181, 0.095, 
0.591, 0.141, 0.184, 0.084, 
0.65, 0.106, 0.12, 0.124, 
0.527, 0.033, 0.086, 0.354, 
0.298, 0.095, 0.04, 0.567, 
0.089, 0.131, 0.696, 0.084, 
0.088, 0.563, 0.259, 0.09, 
0.266, 0.429, 0.224, 0.081, 
0.196, 0.414, 0.21, 0.18, 
0.148, 0.228, 0.25, 0.374, 
0.186, 0.243, 0.345, 0.226, 
0.207, 0.171, 0.384, 0.238, 
0.281, 0.017, 0.645, 0.057, 
0.141, 0.592, 0.086, 0.181, 
0.497, 0.053, 0.086, 0.364, 
0.235, 0.322, 0.251, 0.192, 
0.011, 0.112, 0.301, 0.576, 
0.101, 0.289, 0.045, 0.565, 
0.201, 0.19, 0.035, 0.574, 
0.292, 0.182, 0.158, 0.368, 
0.449, 0.147, 0.134, 0.27, 
0.588, 0.045, 0.309, 0.058, 
0.501, 0.329, 0.1, 0.07, 
0.55, 0.03, 0.149, 0.271, 
0.189, 0.184, 0.162, 0.465, 
0.02, 0.093, 0.742, 0.145, 
0.056, 0.346, 0.598, 0.0, 
0.19, 0.507, 0.029, 0.274, 
0.098, 0.078, 0.497, 0.327, 
0.136, 0.253, 0.37, 0.241, 
0.177, 0.578, 0.099, 0.146, 
0.374, 0.236, 0.258, 0.132, 
0.659, 0.077, 0.036, 0.228, 
0.476, 0.027, 0.469, 0.028, 
0.07, 0.709, 0.078, 0.143, 
0.359, 0.21, 0.231, 0.2, 
0.294, 0.042, 0.257, 0.407, 
0.592, 0.152, 0.097, 0.159, 
0.759, 0.11, 0.035, 0.096, 
0.687, 0.034, 0.101, 0.178, 
0.719, 0.058, 0.076, 0.147, 
0.693, 0.11, 0.114, 0.083, 
0.709, 0.124, 0.088, 0.079, 
0.553, 0.224, 0.074, 0.149, 
0.362, 0.298, 0.052, 0.288, 
0.141, 0.32, 0.088, 0.451, 
0.282, 0.172, 0.426, 0.12, 
0.165, 0.255, 0.233, 0.347, 
0.262, 0.124, 0.564, 0.05, 
0.13, 0.439, 0.253, 0.178, 
0.179, 0.169, 0.401, 0.251, 
0.067, 0.178, 0.381, 0.374, 
0.004, 0.012, 0.009, 0.975, 
0.209, 0.037, 0.076, 0.678, 
0.162, 0.688, 0.047, 0.103, 
0.098, 0.535, 0.239, 0.128, 
0.316, 0.498, 0.071, 0.115, 
0.074, 0.026, 0.862, 0.038, 
0.112, 0.347, 0.205, 0.336, 
0.173, 0.323, 0.073, 0.431, 
0.3, 0.241, 0.122, 0.337, 
0.365, 0.143, 0.345, 0.147, 
0.466, 0.115, 0.19, 0.229, 
0.303, 0.068, 0.116, 0.513, 
0.175, 0.419, 0.194, 0.212, 
0.013, 0.002, 0.008, 0.977, 
0.292, 0.068, 0.348, 0.292, 
0.212, 0.115, 0.14, 0.533, 
0.224, 0.189, 0.418, 0.169, 
0.131, 0.061, 0.369, 0.439, 
0.089, 0.302, 0.096, 0.513, 
0.172, 0.372, 0.394, 0.062, 
0.426, 0.097, 0.322, 0.155, 
0.534, 0.097, 0.237, 0.132, 
0.184, 0.499, 0.162, 0.155, 
0.181, 0.444, 0.121, 0.254, 
0.201, 0.491, 0.078, 0.23, 
0.347, 0.085, 0.462, 0.106, 
0.519, 0.045, 0.107, 0.329, 
0.593, 0.09, 0.048, 0.269, 
0.566, 0.161, 0.199, 0.074, 
0.518, 0.256, 0.094, 0.132, 
0.417, 0.383, 0.02, 0.18, 
0.308, 0.512, 0.146, 0.034, 
0.113, 0.587, 0.213, 0.087, 
0.512, 0.212, 0.159, 0.117, 
0.448, 0.031, 0.35, 0.171, 
0.333, 0.489, 0.126, 0.052, 
0.168, 0.411, 0.153, 0.268, 
0.288, 0.279, 0.28, 0.153, 
0.136, 0.262, 0.283, 0.319, 
0.309, 0.416, 0.108, 0.167, 
0.184, 0.193, 0.413, 0.21, 
0.249, 0.303, 0.087, 0.361, 
0.111, 0.058, 0.185, 0.646, 
0.11, 0.038, 0.117, 0.735, 
0.005, 0.759, 0.097, 0.139, 
0.061, 0.706, 0.068, 0.165, 
0.066, 0.038, 0.449, 0.447, 
0.122, 0.034, 0.353, 0.491, 
0.133, 0.197, 0.125, 0.545, 
0.247, 0.442, 0.196, 0.115, 
0.356, 0.392, 0.252, 0.0, 
0.238, 0.15, 0.099, 0.513, 
0.054, 0.005, 0.016, 0.925, 
0.515, 0.074, 0.244, 0.167, 
0.274, 0.076, 0.354, 0.296, 
0.648, 0.163, 0.045, 0.144, 
0.565, 0.199, 0.05, 0.186, 
0.326, 0.262, 0.221, 0.191, 
0.227, 0.255, 0.288, 0.23, 
0.117, 0.83, 0.053, 0.0, 
0.145, 0.025, 0.581, 0.249, 
0.315, 0.401, 0.113, 0.171, 
0.23, 0.176, 0.111, 0.483, 
0.026, 0.344, 0.488, 0.142, 
0.055, 0.114, 0.415, 0.416, 
0.033, 0.693, 0.137, 0.137, 
0.103, 0.085, 0.782, 0.03, 
0.146, 0.191, 0.576, 0.087, 
0.199, 0.307, 0.37, 0.124, 
0.241, 0.444, 0.197, 0.118, 
0.232, 0.591, 0.085, 0.092, 
0.022, 0.175, 0.711, 0.092, 
0.029, 0.792, 0.179, 0.0, 
0.668, 0.15, 0.114, 0.068, 
0.579, 0.03, 0.29, 0.101, 
0.381, 0.152, 0.36, 0.107, 
0.149, 0.426, 0.425, 0.0, 
0.542, 0.266, 0.049, 0.143, 
0.476, 0.165, 0.288, 0.071, 
0.315, 0.274, 0.337, 0.074, 
0.221, 0.316, 0.25, 0.213, 
0.188, 0.386, 0.153, 0.273, 
0.221, 0.592, 0.035, 0.152, 
0.044, 0.074, 0.325, 0.557, 
0.056, 0.234, 0.04, 0.67, 
0.03, 0.175, 0.071, 0.724, 
0.12, 0.061, 0.096, 0.723, 
0.085, 0.107, 0.109, 0.699, 
0.176, 0.118, 0.706, 0.0, 
0.211, 0.103, 0.346, 0.34, 
0.218, 0.061, 0.502, 0.219, 
0.022, 0.354, 0.163, 0.461, 
0.205, 0.141, 0.654, 0.0, 
0.005, 0.032, 0.049, 0.914, 
0.362, 0.031, 0.08, 0.527, 
0.704, 0.086, 0.097, 0.113, 
0.725, 0.169, 0.059, 0.047, 
0.076, 0.676, 0.223, 0.025, 
0.492, 0.165, 0.081, 0.262, 
0.295, 0.334, 0.208, 0.163, 
0.084, 0.267, 0.101, 0.548, 
0.13, 0.494, 0.193, 0.183, 
0.091, 0.336, 0.269, 0.304, 
0.112, 0.115, 0.036, 0.737, 
0.081, 0.123, 0.157, 0.639, 
0.032, 0.397, 0.362, 0.209, 
0.073, 0.595, 0.061, 0.271, 
0.219, 0.629, 0.133, 0.019, 
0.393, 0.427, 0.099, 0.081, 
0.022, 0.576, 0.288, 0.114, 
0.112, 0.714, 0.145, 0.029, 
0.028, 0.036, 0.145, 0.791, 
0.08, 0.051, 0.849, 0.02, 
0.076, 0.818, 0.068, 0.038, 
0.67, 0.109, 0.196, 0.025, 
0.472, 0.117, 0.089, 0.322, 
0.292, 0.319, 0.057, 0.332, 
0.154, 0.567, 0.252, 0.027, 
0.048, 0.499, 0.233, 0.22, 
0.33, 0.414, 0.165, 0.091, 
0.34, 0.182, 0.148, 0.33, 
0.194, 0.102, 0.259, 0.445, 
0.133, 0.354, 0.359, 0.154, 
0.078, 0.646, 0.274, 0.002, 
0.04, 0.063, 0.553, 0.344, 
0.054, 0.464, 0.047, 0.435, 
0.036, 0.355, 0.084, 0.525, 
0.273, 0.044, 0.128, 0.555, 
0.217, 0.083, 0.167, 0.533, 
0.127, 0.142, 0.207, 0.524, 
0.018, 0.223, 0.211, 0.548, 
0.056, 0.304, 0.182, 0.458, 
0.314, 0.132, 0.407, 0.147, 
0.259, 0.158, 0.583, 0.0, 
0.093, 0.096, 0.811, 0.0, 
0.052, 0.16, 0.108, 0.68, 
0.105, 0.614, 0.144, 0.137, 
0.063, 0.691, 0.15, 0.096, 
0.095, 0.633, 0.225, 0.047, 
0.09, 0.475, 0.137, 0.298, 
0.263, 0.132, 0.043, 0.562, 
0.062, 0.223, 0.389, 0.326, 
0.471, 0.313, 0.092, 0.124, 
0.077, 0.18, 0.153, 0.59, 
0.069, 0.142, 0.135, 0.654, 
0.189, 0.196, 0.468, 0.147, 
0.019, 0.213, 0.226, 0.542, 
0.155, 0.315, 0.048, 0.482, 
0.376, 0.325, 0.299, 0.0, 
0.071, 0.59, 0.153, 0.186, 
0.037, 0.014, 0.743, 0.206, 
0.085, 0.026, 0.079, 0.81, 
0.114, 0.025, 0.837, 0.024, 
0.091, 0.82, 0.071, 0.018, 
0.701, 0.21, 0.049, 0.04, 
0.54, 0.41, 0.008, 0.042, 
0.402, 0.106, 0.252, 0.24, 
0.243, 0.179, 0.274, 0.304, 
0.138, 0.275, 0.302, 0.285, 
0.299, 0.348, 0.216, 0.137, 
0.46, 0.123, 0.323, 0.094, 
0.419, 0.22, 0.307, 0.054, 
0.079, 0.225, 0.383, 0.313, 
0.216, 0.118, 0.521, 0.145, 
0.238, 0.389, 0.315, 0.058, 
0.055, 0.8, 0.043, 0.102, 
0.074, 0.762, 0.074, 0.09, 
0.041, 0.66, 0.138, 0.161, 
0.511, 0.019, 0.189, 0.281, 
0.374, 0.045, 0.222, 0.359, 
0.276, 0.073, 0.316, 0.335, 
0.116, 0.143, 0.347, 0.394, 
0.016, 0.242, 0.309, 0.433, 
0.29, 0.252, 0.379, 0.079, 
0.292, 0.231, 0.294, 0.183, 
0.386, 0.225, 0.219, 0.17, 
0.118, 0.561, 0.173, 0.148, 
0.146, 0.544, 0.188, 0.122, 
0.135, 0.614, 0.114, 0.137, 
0.219, 0.468, 0.01, 0.303, 
0.181, 0.405, 0.138, 0.276, 
0.087, 0.243, 0.163, 0.507, 
0.021, 0.223, 0.025, 0.731, 
0.105, 0.635, 0.113, 0.147, 
0.13, 0.175, 0.081, 0.614, 
0.216, 0.271, 0.513, 0.0, 
0.149, 0.254, 0.322, 0.275, 
0.113, 0.059, 0.118, 0.71, 
0.247, 0.103, 0.1, 0.55, 
0.05, 0.516, 0.098, 0.336, 
0.052, 0.035, 0.709, 0.204, 
0.091, 0.092, 0.029, 0.788, 
0.077, 0.799, 0.056, 0.068, 
0.087, 0.757, 0.012, 0.144, 
0.055, 0.654, 0.167, 0.124, 
0.499, 0.159, 0.242, 0.1, 
0.33, 0.121, 0.216, 0.333, 
0.252, 0.258, 0.231, 0.259, 
0.187, 0.148, 0.25, 0.415, 
0.282, 0.135, 0.544, 0.039, 
0.371, 0.117, 0.094, 0.418, 
0.285, 0.128, 0.074, 0.513, 
0.165, 0.122, 0.185, 0.528, 
0.136, 0.171, 0.257, 0.436, 
0.174, 0.28, 0.449, 0.097, 
0.11, 0.373, 0.082, 0.435, 
0.052, 0.872, 0.066, 0.01, 
0.056, 0.815, 0.055, 0.074, 
0.057, 0.762, 0.034, 0.147, 
0.062, 0.71, 0.228, 0.0, 
0.029, 0.566, 0.318, 0.087, 
0.352, 0.043, 0.36, 0.245, 
0.225, 0.075, 0.44, 0.26, 
0.119, 0.139, 0.469, 0.273, 
0.017, 0.232, 0.436, 0.315, 
0.242, 0.376, 0.262, 0.12, 
0.121, 0.384, 0.249, 0.246, 
0.169, 0.446, 0.213, 0.172, 
0.23, 0.491, 0.194, 0.085, 
0.268, 0.518, 0.046, 0.168, 
0.244, 0.399, 0.102, 0.255, 
0.289, 0.301, 0.053, 0.357, 
0.206, 0.207, 0.203, 0.384, 
0.087, 0.143, 0.144, 0.626, 
0.067, 0.193, 0.622, 0.118, 
0.161, 0.434, 0.233, 0.172, 
0.305, 0.426, 0.269, 0.0, 
0.083, 0.248, 0.45, 0.219, 
0.085, 0.06, 0.304, 0.551, 
0.135, 0.303, 0.188, 0.374, 
0.149, 0.542, 0.159, 0.15, 
0.041, 0.585, 0.142, 0.232, 
0.574, 0.089, 0.122, 0.215, 
0.55, 0.216, 0.033, 0.201, 
0.539, 0.056, 0.299, 0.106, 
0.428, 0.164, 0.282, 0.126, 
0.275, 0.156, 0.244, 0.325, 
0.152, 0.248, 0.183, 0.417, 
0.08, 0.383, 0.343, 0.194, 
0.177, 0.365, 0.283, 0.175, 
0.281, 0.184, 0.176, 0.359, 
0.322, 0.28, 0.027, 0.371, 
0.366, 0.097, 0.253, 0.284, 
0.183, 0.45, 0.102, 0.265, 
0.041, 0.659, 0.152, 0.148, 
0.269, 0.211, 0.422, 0.098, 
0.482, 0.235, 0.049, 0.234, 
0.069, 0.894, 0.015, 0.022, 
0.067, 0.848, 0.069, 0.016, 
0.056, 0.794, 0.145, 0.005, 
0.035, 0.716, 0.229, 0.02, 
0.023, 0.593, 0.332, 0.052, 
0.04, 0.467, 0.427, 0.066, 
0.301, 0.039, 0.506, 0.154, 
0.218, 0.059, 0.586, 0.137, 
0.08, 0.11, 0.627, 0.183, 
0.06, 0.187, 0.53, 0.223, 
0.145, 0.272, 0.378, 0.205, 
0.222, 0.333, 0.284, 0.161, 
0.299, 0.371, 0.231, 0.099, 
0.399, 0.389, 0.179, 0.033, 
0.413, 0.329, 0.118, 0.14, 
0.465, 0.219, 0.316, 0.0, 
0.328, 0.128, 0.134, 0.41, 
0.177, 0.152, 0.136, 0.535, 
0.142, 0.261, 0.347, 0.25, 
0.065, 0.281, 0.301, 0.353, 
0.012, 0.038, 0.336, 0.614, 
0.274, 0.549, 0.083, 0.094, 
0.232, 0.289, 0.219, 0.26, 
0.263, 0.171, 0.135, 0.431, 
0.185, 0.25, 0.059, 0.506, 
0.105, 0.232, 0.197, 0.466, 
0.019, 0.161, 0.514, 0.306, 
0.117, 0.067, 0.764, 0.052, 
0.112, 0.284, 0.491, 0.113, 
0.342, 0.416, 0.123, 0.119, 
0.09, 0.641, 0.128, 0.141, 
0.193, 0.506, 0.087, 0.214, 
0.055, 0.509, 0.066, 0.37, 
0.437, 0.374, 0.091, 0.098, 
0.284, 0.421, 0.202, 0.093, 
0.171, 0.301, 0.325, 0.203, 
0.132, 0.631, 0.164, 0.073, 
0.072, 0.145, 0.6, 0.183, 
0.157, 0.545, 0.18, 0.118, 
0.245, 0.101, 0.243, 0.411, 
0.262, 0.289, 0.191, 0.258, 
0.057, 0.828, 0.062, 0.053, 
0.043, 0.729, 0.172, 0.056, 
0.028, 0.634, 0.285, 0.053, 
0.535, 0.395, 0.012, 0.058, 
0.434, 0.505, 0.024, 0.037, 
0.029, 0.363, 0.581, 0.027, 
0.023, 0.306, 0.639, 0.032, 
0.04, 0.259, 0.656, 0.045, 
0.057, 0.171, 0.72, 0.052, 
0.054, 0.085, 0.728, 0.133, 
0.154, 0.146, 0.562, 0.138, 
0.265, 0.214, 0.396, 0.125, 
0.366, 0.253, 0.291, 0.09, 
0.478, 0.269, 0.211, 0.042, 
0.55, 0.243, 0.138, 0.069, 
0.539, 0.14, 0.062, 0.259, 
0.47, 0.076, 0.142, 0.312, 
0.303, 0.062, 0.305, 0.33, 
0.219, 0.203, 0.11, 0.468, 
0.116, 0.469, 0.064, 0.351, 
0.377, 0.039, 0.116, 0.468, 
0.371, 0.226, 0.354, 0.049, 
0.368, 0.174, 0.134, 0.324, 
0.281, 0.105, 0.055, 0.559, 
0.164, 0.102, 0.096, 0.638, 
0.067, 0.058, 0.137, 0.738, 
0.208, 0.183, 0.516, 0.093, 
0.365, 0.201, 0.198, 0.236, 
0.376, 0.233, 0.133, 0.258, 
0.469, 0.1, 0.166, 0.265, 
0.479, 0.262, 0.098, 0.161, 
0.306, 0.177, 0.387, 0.13, 
0.079, 0.321, 0.37, 0.23, 
0.263, 0.303, 0.254, 0.18, 
0.143, 0.316, 0.379, 0.162, 
0.242, 0.42, 0.12, 0.218, 
0.192, 0.478, 0.33, 0.0, 
0.104, 0.095, 0.669, 0.132, 
0.139, 0.537, 0.158, 0.166, 
0.093, 0.127, 0.362, 0.418, 
0.046, 0.187, 0.711, 0.056, 
0.027, 0.817, 0.072, 0.084, 
0.016, 0.668, 0.23, 0.086, 
0.022, 0.489, 0.391, 0.098, 
0.036, 0.356, 0.512, 0.096, 
0.029, 0.279, 0.609, 0.083, 
0.027, 0.25, 0.677, 0.046, 
0.041, 0.227, 0.697, 0.035, 
0.064, 0.211, 0.701, 0.024, 
0.089, 0.17, 0.706, 0.035, 
0.13, 0.111, 0.718, 0.041, 
0.162, 0.046, 0.715, 0.077, 
0.288, 0.097, 0.534, 0.081, 
0.414, 0.14, 0.379, 0.067, 
0.541, 0.16, 0.259, 0.04, 
0.648, 0.147, 0.165, 0.04, 
0.679, 0.071, 0.073, 0.177, 
0.641, 0.068, 0.225, 0.066, 
0.421, 0.374, 0.146, 0.059, 
0.281, 0.243, 0.097, 0.379, 
0.142, 0.451, 0.183, 0.224, 
0.496, 0.216, 0.078, 0.21, 
0.559, 0.167, 0.22, 0.054, 
0.36, 0.461, 0.049, 0.13, 
0.27, 0.428, 0.054, 0.248, 
0.152, 0.405, 0.063, 0.38, 
0.088, 0.38, 0.386, 0.146, 
0.345, 0.079, 0.36, 0.216, 
0.286, 0.132, 0.201, 0.381, 
0.228, 0.2, 0.052, 0.52, 
0.144, 0.108, 0.247, 0.501, 
0.143, 0.179, 0.238, 0.44, 
0.265, 0.291, 0.132, 0.312, 
0.334, 0.197, 0.246, 0.223, 
0.345, 0.157, 0.395, 0.103, 
0.385, 0.127, 0.401, 0.087, 
0.404, 0.025, 0.094, 0.477, 
0.339, 0.128, 0.391, 0.142, 
0.208, 0.132, 0.26, 0.4, 
0.072, 0.095, 0.193, 0.64, 
0.114, 0.302, 0.094, 0.49, 
0.148, 0.468, 0.129, 0.255, 
0.05, 0.802, 0.03, 0.118, 
0.084, 0.598, 0.209, 0.109, 
0.104, 0.42, 0.37, 0.106, 
0.1, 0.316, 0.474, 0.11, 
0.072, 0.248, 0.576, 0.104, 
0.189, 0.073, 0.661, 0.077, 
0.15, 0.075, 0.7, 0.075, 
0.13, 0.058, 0.741, 0.071, 
0.101, 0.824, 0.034, 0.041, 
0.086, 0.111, 0.775, 0.028, 
0.181, 0.074, 0.724, 0.021, 
0.312, 0.039, 0.623, 0.026, 
0.441, 0.043, 0.474, 0.042, 
0.587, 0.065, 0.314, 0.034, 
0.698, 0.051, 0.038, 0.213, 
0.758, 0.084, 0.091, 0.067, 
0.724, 0.19, 0.078, 0.008, 
0.518, 0.056, 0.338, 0.088, 
0.319, 0.131, 0.483, 0.067, 
0.173, 0.274, 0.292, 0.261, 
0.08, 0.466, 0.38, 0.074, 
0.457, 0.302, 0.185, 0.056, 
0.334, 0.152, 0.448, 0.066, 
0.197, 0.068, 0.678, 0.057, 
0.12, 0.777, 0.035, 0.068, 
0.058, 0.766, 0.072, 0.104, 
0.105, 0.668, 0.145, 0.082, 
0.143, 0.461, 0.254, 0.142, 
0.126, 0.258, 0.532, 0.084, 
0.028, 0.136, 0.703, 0.133, 
0.096, 0.061, 0.644, 0.199, 
0.281, 0.018, 0.487, 0.214, 
0.457, 0.299, 0.033, 0.211, 
0.509, 0.152, 0.178, 0.161, 
0.548, 0.038, 0.124, 0.29, 
0.451, 0.067, 0.059, 0.423, 
0.307, 0.14, 0.117, 0.436, 
0.172, 0.214, 0.237, 0.377, 
0.053, 0.307, 0.36, 0.28, 
0.346, 0.149, 0.323, 0.182, 
0.423, 0.045, 0.312, 0.22, 
0.162, 0.711, 0.02, 0.107, 
0.164, 0.535, 0.079, 0.222, 
0.24, 0.39, 0.264, 0.106, 
0.255, 0.25, 0.382, 0.113, 
0.06, 0.108, 0.046, 0.786, 
0.042, 0.044, 0.146, 0.768, 
0.111, 0.353, 0.026, 0.51, 
0.149, 0.555, 0.069, 0.227, 
0.113, 0.745, 0.083, 0.059, 
0.025, 0.816, 0.05, 0.109, 
0.159, 0.038, 0.77, 0.033, 
0.282, 0.651, 0.03, 0.037, 
0.413, 0.507, 0.056, 0.024, 
0.556, 0.365, 0.008, 0.071, 
0.695, 0.025, 0.245, 0.035, 
0.822, 0.027, 0.078, 0.073, 
0.711, 0.04, 0.078, 0.171, 
0.542, 0.129, 0.146, 0.183, 
0.343, 0.244, 0.283, 0.13, 
0.196, 0.1, 0.425, 0.279, 
0.076, 0.248, 0.541, 0.135, 
0.335, 0.534, 0.087, 0.044, 
0.229, 0.334, 0.324, 0.113, 
0.128, 0.156, 0.593, 0.123, 
0.059, 0.059, 0.813, 0.069, 
0.13, 0.775, 0.046, 0.049, 
0.329, 0.549, 0.094, 0.028, 
0.494, 0.333, 0.077, 0.096, 
0.483, 0.159, 0.219, 0.139, 
0.515, 0.034, 0.259, 0.192, 
0.508, 0.218, 0.114, 0.16, 
0.403, 0.375, 0.117, 0.105, 
0.18, 0.463, 0.232, 0.125, 
0.05, 0.483, 0.339, 0.128, 
0.399, 0.286, 0.113, 0.202, 
0.291, 0.297, 0.298, 0.114, 
0.143, 0.226, 0.513, 0.118, 
0.105, 0.176, 0.674, 0.045, 
0.13, 0.121, 0.206, 0.543, 
0.095, 0.173, 0.38, 0.352, 
0.088, 0.176, 0.542, 0.194, 
0.321, 0.574, 0.033, 0.072, 
0.345, 0.401, 0.054, 0.2, 
0.371, 0.232, 0.023, 0.374, 
0.374, 0.114, 0.016, 0.496, 
0.331, 0.03, 0.012, 0.627, 
0.265, 0.081, 0.094, 0.56, 
0.166, 0.178, 0.259, 0.397, 
0.116, 0.199, 0.498, 0.187, 
0.234, 0.525, 0.062, 0.179, 
0.117, 0.596, 0.133, 0.154, 
0.029, 0.063, 0.668, 0.24, 
0.156, 0.547, 0.068, 0.229, 
0.275, 0.391, 0.049, 0.285, 
0.418, 0.256, 0.148, 0.178, 
0.584, 0.156, 0.234, 0.026, 
0.728, 0.091, 0.097, 0.084, 
0.783, 0.117, 0.031, 0.069, 
0.567, 0.068, 0.153, 0.212, 
0.35, 0.36, 0.057, 0.233, 
0.183, 0.543, 0.179, 0.095, 
0.076, 0.039, 0.694, 0.191, 
0.016, 0.191, 0.777, 0.016, 
0.152, 0.59, 0.118, 0.14, 
0.072, 0.325, 0.347, 0.256, 
0.106, 0.127, 0.476, 0.291, 
0.226, 0.444, 0.244, 0.086, 
0.444, 0.268, 0.153, 0.135, 
0.554, 0.17, 0.069, 0.207, 
0.599, 0.107, 0.024, 0.27, 
0.661, 0.099, 0.097, 0.143, 
0.516, 0.111, 0.216, 0.157, 
0.33, 0.069, 0.263, 0.338, 
0.136, 0.225, 0.15, 0.489, 
0.23, 0.2, 0.449, 0.121, 
0.142, 0.296, 0.218, 0.344, 
0.092, 0.363, 0.056, 0.489, 
0.373, 0.078, 0.264, 0.285, 
0.281, 0.143, 0.476, 0.1, 
0.147, 0.205, 0.274, 0.374, 
0.206, 0.253, 0.117, 0.424, 
0.291, 0.271, 0.049, 0.389, 
0.471, 0.473, 0.021, 0.035, 
0.546, 0.335, 0.085, 0.034, 
0.6, 0.219, 0.152, 0.029, 
0.65, 0.118, 0.204, 0.028, 
0.667, 0.058, 0.051, 0.224, 
0.583, 0.048, 0.111, 0.258, 
0.448, 0.15, 0.236, 0.166, 
0.262, 0.222, 0.181, 0.335, 
0.122, 0.286, 0.122, 0.47, 
0.206, 0.142, 0.51, 0.142, 
0.145, 0.194, 0.335, 0.326, 
0.072, 0.208, 0.165, 0.555, 
0.136, 0.199, 0.097, 0.568, 
0.263, 0.111, 0.355, 0.271, 
0.392, 0.067, 0.236, 0.305, 
0.569, 0.097, 0.063, 0.271, 
0.657, 0.222, 0.028, 0.093, 
0.568, 0.231, 0.144, 0.057, 
0.359, 0.223, 0.255, 0.163, 
0.179, 0.092, 0.569, 0.16, 
0.064, 0.062, 0.777, 0.097, 
0.074, 0.797, 0.036, 0.093, 
0.05, 0.068, 0.785, 0.097, 
0.056, 0.051, 0.593, 0.3, 
0.119, 0.311, 0.106, 0.464, 
0.253, 0.166, 0.467, 0.114, 
0.357, 0.057, 0.411, 0.175, 
0.428, 0.018, 0.319, 0.235, 
0.512, 0.203, 0.25, 0.035, 
0.541, 0.106, 0.288, 0.065, 
0.617, 0.054, 0.228, 0.101, 
0.507, 0.073, 0.391, 0.029, 
0.39, 0.046, 0.394, 0.17, 
0.234, 0.411, 0.314, 0.041, 
0.112, 0.325, 0.084, 0.479, 
0.248, 0.123, 0.063, 0.566, 
0.073, 0.184, 0.273, 0.47, 
0.196, 0.41, 0.27, 0.124, 
0.148, 0.325, 0.307, 0.22, 
0.095, 0.059, 0.299, 0.547, 
0.204, 0.224, 0.04, 0.532, 
0.606, 0.303, 0.065, 0.026, 
0.628, 0.206, 0.064, 0.102, 
0.681, 0.103, 0.117, 0.099, 
0.727, 0.014, 0.153, 0.106, 
0.675, 0.166, 0.073, 0.086, 
0.589, 0.152, 0.159, 0.1, 
0.4, 0.122, 0.254, 0.224, 
0.254, 0.091, 0.494, 0.161, 
0.106, 0.178, 0.555, 0.161, 
0.131, 0.626, 0.079, 0.164, 
0.093, 0.514, 0.303, 0.09, 
0.057, 0.088, 0.394, 0.461, 
0.124, 0.078, 0.241, 0.557, 
0.114, 0.082, 0.476, 0.328, 
0.193, 0.412, 0.081, 0.314, 
0.333, 0.118, 0.331, 0.218, 
0.443, 0.296, 0.164, 0.097, 
0.475, 0.418, 0.051, 0.056, 
0.314, 0.418, 0.216, 0.052, 
0.165, 0.376, 0.378, 0.081, 
0.075, 0.116, 0.133, 0.676, 
0.158, 0.055, 0.75, 0.037, 
0.122, 0.73, 0.064, 0.084, 
0.082, 0.644, 0.173, 0.101, 
0.5, 0.212, 0.232, 0.056, 
0.32, 0.16, 0.317, 0.203, 
0.17, 0.075, 0.376, 0.379, 
0.136, 0.466, 0.043, 0.355, 
0.254, 0.303, 0.162, 0.281, 
0.36, 0.164, 0.178, 0.298, 
0.494, 0.25, 0.121, 0.135, 
0.412, 0.074, 0.104, 0.41, 
0.366, 0.082, 0.442, 0.11, 
0.361, 0.14, 0.247, 0.252, 
0.298, 0.129, 0.19, 0.383, 
0.261, 0.382, 0.357, 0.0, 
0.131, 0.375, 0.017, 0.477, 
0.317, 0.157, 0.46, 0.066, 
0.252, 0.307, 0.268, 0.173, 
0.251, 0.225, 0.375, 0.149, 
0.184, 0.359, 0.299, 0.158, 
0.735, 0.147, 0.078, 0.04, 
0.612, 0.072, 0.053, 0.263, 
0.77, 0.087, 0.073, 0.07, 
0.735, 0.11, 0.097, 0.058, 
0.645, 0.114, 0.161, 0.08, 
0.47, 0.1, 0.181, 0.249, 
0.303, 0.04, 0.129, 0.528, 
0.149, 0.084, 0.101, 0.666, 
0.09, 0.05, 0.634, 0.226, 
0.226, 0.08, 0.212, 0.482, 
0.206, 0.103, 0.185, 0.506, 
0.042, 0.333, 0.325, 0.3, 
0.139, 0.131, 0.288, 0.442, 
0.45, 0.178, 0.262, 0.11, 
0.728, 0.082, 0.132, 0.058, 
0.1, 0.092, 0.652, 0.156, 
0.204, 0.335, 0.063, 0.398, 
0.261, 0.536, 0.173, 0.03, 
0.234, 0.621, 0.103, 0.042, 
0.114, 0.604, 0.251, 0.031, 
0.067, 0.412, 0.467, 0.054, 
0.283, 0.124, 0.584, 0.009, 
0.204, 0.589, 0.198, 0.009, 
0.152, 0.491, 0.235, 0.122, 
0.094, 0.418, 0.425, 0.063, 
0.033, 0.379, 0.509, 0.079, 
0.3, 0.407, 0.174, 0.119, 
0.168, 0.126, 0.298, 0.408, 
0.042, 0.127, 0.477, 0.354, 
0.268, 0.177, 0.358, 0.197, 
0.298, 0.144, 0.274, 0.284, 
0.315, 0.16, 0.332, 0.193, 
0.121, 0.478, 0.338, 0.063, 
0.05, 0.259, 0.262, 0.429, 
0.041, 0.188, 0.27, 0.501, 
0.111, 0.098, 0.346, 0.445, 
0.101, 0.324, 0.344, 0.231, 
0.149, 0.093, 0.548, 0.21, 
0.225, 0.166, 0.129, 0.48, 
0.192, 0.017, 0.58, 0.211, 
0.196, 0.056, 0.7, 0.048, 
0.592, 0.346, 0.049, 0.013, 
0.524, 0.011, 0.062, 0.403, 
0.475, 0.029, 0.156, 0.34, 
0.41, 0.053, 0.302, 0.235, 
0.325, 0.383, 0.153, 0.139, 
0.268, 0.018, 0.499, 0.215, 
0.152, 0.116, 0.546, 0.186, 
0.072, 0.461, 0.205, 0.262, 
0.025, 0.263, 0.396, 0.316, 
0.344, 0.376, 0.215, 0.065, 
0.284, 0.233, 0.311, 0.172, 
0.191, 0.145, 0.355, 0.309, 
0.222, 0.22, 0.243, 0.315, 
0.19, 0.103, 0.199, 0.508, 
0.416, 0.146, 0.08, 0.358, 
0.137, 0.617, 0.142, 0.104, 
0.268, 0.087, 0.51, 0.135, 
0.105, 0.596, 0.071, 0.228, 
0.122, 0.758, 0.049, 0.071, 
0.05, 0.769, 0.122, 0.059, 
0.108, 0.592, 0.263, 0.037, 
0.34, 0.276, 0.367, 0.017, 
0.338, 0.113, 0.44, 0.109, 
0.219, 0.363, 0.149, 0.269, 
0.137, 0.284, 0.457, 0.122, 
0.081, 0.204, 0.64, 0.075, 
0.158, 0.728, 0.114, 0.0, 
0.047, 0.1, 0.667, 0.186, 
0.076, 0.489, 0.228, 0.207, 
0.202, 0.347, 0.295, 0.156, 
0.21, 0.141, 0.228, 0.421, 
0.211, 0.081, 0.317, 0.391, 
0.325, 0.129, 0.377, 0.169, 
0.308, 0.179, 0.224, 0.289, 
0.263, 0.253, 0.352, 0.132, 
0.218, 0.227, 0.303, 0.252, 
0.097, 0.161, 0.374, 0.368, 
0.094, 0.073, 0.401, 0.432, 
0.187, 0.142, 0.369, 0.302, 
0.325, 0.342, 0.254, 0.079, 
0.12, 0.321, 0.267, 0.292, 
0.463, 0.206, 0.328, 0.003, 
0.377, 0.106, 0.236, 0.281, 
0.32, 0.283, 0.25, 0.147, 
0.199, 0.462, 0.199, 0.14, 
0.055, 0.559, 0.059, 0.327, 
0.144, 0.65, 0.129, 0.077, 
0.113, 0.648, 0.062, 0.177, 
0.039, 0.605, 0.086, 0.27, 
0.054, 0.349, 0.521, 0.076, 
0.344, 0.4, 0.092, 0.164, 
0.153, 0.162, 0.405, 0.28, 
0.175, 0.43, 0.165, 0.23, 
0.306, 0.069, 0.339, 0.286, 
0.121, 0.11, 0.276, 0.493, 
0.213, 0.241, 0.115, 0.431, 
0.17, 0.413, 0.036, 0.381, 
0.118, 0.207, 0.305, 0.37, 
0.447, 0.13, 0.208, 0.215, 
0.08, 0.71, 0.111, 0.099, 
0.014, 0.862, 0.034, 0.09, 
0.009, 0.769, 0.142, 0.08, 
0.313, 0.445, 0.203, 0.039, 
0.445, 0.152, 0.266, 0.137, 
0.263, 0.144, 0.485, 0.108, 
0.198, 0.038, 0.237, 0.527, 
0.18, 0.157, 0.548, 0.115, 
0.064, 0.424, 0.456, 0.056, 
0.038, 0.809, 0.087, 0.066, 
0.785, 0.108, 0.076, 0.031, 
0.582, 0.069, 0.21, 0.139, 
0.505, 0.061, 0.321, 0.113, 
0.31, 0.425, 0.264, 0.001, 
0.13, 0.324, 0.407, 0.139, 
0.141, 0.282, 0.082, 0.495, 
0.095, 0.13, 0.053, 0.722, 
0.306, 0.043, 0.13, 0.521, 
0.548, 0.027, 0.133, 0.292, 
0.733, 0.072, 0.049, 0.146, 
0.118, 0.629, 0.082, 0.171, 
0.306, 0.302, 0.373, 0.019, 
0.49, 0.382, 0.075, 0.053, 
0.1, 0.175, 0.624, 0.101, 
0.142, 0.214, 0.196, 0.448, 
0.273, 0.175, 0.364, 0.188, 
0.393, 0.097, 0.454, 0.056, 
0.44, 0.161, 0.307, 0.092, 
0.117, 0.593, 0.203, 0.087, 
0.038, 0.737, 0.11, 0.115, 
0.025, 0.131, 0.787, 0.057, 
0.239, 0.576, 0.088, 0.097, 
0.186, 0.274, 0.394, 0.146, 
0.543, 0.265, 0.122, 0.07, 
0.052, 0.413, 0.238, 0.297, 
0.269, 0.201, 0.441, 0.089, 
0.384, 0.169, 0.254, 0.193, 
0.151, 0.171, 0.303, 0.375, 
0.121, 0.156, 0.214, 0.509, 
0.218, 0.257, 0.201, 0.324, 
0.061, 0.184, 0.229, 0.526, 
0.639, 0.093, 0.053, 0.215, 
0.816, 0.055, 0.06, 0.069, 
0.786, 0.063, 0.105, 0.046, 
0.65, 0.058, 0.068, 0.224, 
0.472, 0.077, 0.387, 0.064, 
0.03, 0.306, 0.371, 0.293, 
0.213, 0.687, 0.1, 0.0, 
0.317, 0.202, 0.259, 0.222, 
0.209, 0.574, 0.061, 0.156, 
0.073, 0.728, 0.086, 0.113, 
0.763, 0.121, 0.077, 0.039, 
0.614, 0.091, 0.129, 0.166, 
0.476, 0.033, 0.106, 0.385, 
0.288, 0.083, 0.403, 0.226, 
0.148, 0.049, 0.288, 0.515, 
0.032, 0.069, 0.028, 0.871, 
0.028, 0.144, 0.478, 0.35, 
0.093, 0.258, 0.639, 0.01, 
0.101, 0.321, 0.307, 0.271, 
0.119, 0.517, 0.141, 0.223, 
0.267, 0.109, 0.588, 0.036, 
0.445, 0.142, 0.057, 0.356, 
0.116, 0.388, 0.372, 0.124, 
0.275, 0.279, 0.262, 0.184, 
0.37, 0.1, 0.317, 0.213, 
0.19, 0.112, 0.177, 0.521, 
0.28, 0.356, 0.301, 0.063, 
0.401, 0.424, 0.093, 0.082, 
0.49, 0.259, 0.087, 0.164, 
0.634, 0.255, 0.111, 0.0, 
0.625, 0.122, 0.179, 0.074, 
0.16, 0.407, 0.231, 0.202, 
0.121, 0.09, 0.641, 0.148, 
0.074, 0.09, 0.473, 0.363, 
0.063, 0.146, 0.657, 0.134, 
0.125, 0.371, 0.246, 0.258, 
0.286, 0.424, 0.27, 0.02, 
0.33, 0.296, 0.084, 0.29, 
0.315, 0.138, 0.538, 0.009, 
0.134, 0.192, 0.123, 0.551, 
0.2, 0.138, 0.123, 0.539, 
0.166, 0.496, 0.211, 0.127, 
0.637, 0.097, 0.124, 0.142, 
0.663, 0.039, 0.16, 0.138, 
0.602, 0.215, 0.058, 0.125, 
0.508, 0.115, 0.285, 0.092, 
0.338, 0.642, 0.02, 0.0, 
0.381, 0.361, 0.258, 0.0, 
0.329, 0.273, 0.265, 0.133, 
0.207, 0.388, 0.246, 0.159, 
0.124, 0.42, 0.298, 0.158, 
0.587, 0.163, 0.188, 0.062, 
0.443, 0.077, 0.014, 0.466, 
0.389, 0.22, 0.166, 0.225, 
0.301, 0.036, 0.33, 0.333, 
0.167, 0.187, 0.114, 0.532, 
0.101, 0.307, 0.166, 0.426, 
0.378, 0.292, 0.069, 0.261, 
0.041, 0.168, 0.403, 0.388, 
0.175, 0.38, 0.005, 0.44, 
0.084, 0.218, 0.181, 0.517, 
0.384, 0.12, 0.055, 0.441, 
0.693, 0.062, 0.067, 0.178, 
0.058, 0.793, 0.078, 0.071, 
0.086, 0.662, 0.008, 0.244, 
0.279, 0.294, 0.282, 0.145, 
0.108, 0.238, 0.574, 0.08, 
0.264, 0.563, 0.081, 0.092, 
0.017, 0.233, 0.585, 0.165, 
0.062, 0.24, 0.57, 0.128, 
0.387, 0.356, 0.123, 0.134, 
0.112, 0.438, 0.37, 0.08, 
0.099, 0.194, 0.328, 0.379, 
0.243, 0.074, 0.125, 0.558, 
0.233, 0.191, 0.216, 0.36, 
0.189, 0.275, 0.213, 0.323, 
0.242, 0.267, 0.403, 0.088, 
0.081, 0.022, 0.72, 0.177, 
0.27, 0.476, 0.135, 0.119, 
0.267, 0.426, 0.119, 0.188, 
0.094, 0.131, 0.567, 0.208, 
0.258, 0.276, 0.236, 0.23, 
0.314, 0.339, 0.285, 0.062, 
0.405, 0.068, 0.394, 0.133, 
0.557, 0.077, 0.343, 0.023, 
0.458, 0.128, 0.187, 0.227, 
0.473, 0.094, 0.243, 0.19, 
0.372, 0.058, 0.273, 0.297, 
0.168, 0.278, 0.554, 0.0, 
0.23, 0.245, 0.269, 0.256, 
0.244, 0.34, 0.416, 0.0, 
0.516, 0.399, 0.036, 0.049, 
0.277, 0.084, 0.349, 0.29, 
0.314, 0.243, 0.162, 0.281, 
0.298, 0.138, 0.187, 0.377, 
0.343, 0.071, 0.474, 0.112, 
0.205, 0.253, 0.382, 0.16, 
0.113, 0.433, 0.221, 0.233, 
0.168, 0.343, 0.335, 0.154, 
0.157, 0.383, 0.229, 0.231, 
0.37, 0.122, 0.42, 0.088, 
0.086, 0.189, 0.325, 0.4, 
0.145, 0.159, 0.361, 0.335, 
0.181, 0.329, 0.344, 0.146, 
0.165, 0.466, 0.157, 0.212, 
0.603, 0.095, 0.128, 0.174, 
0.374, 0.036, 0.495, 0.095, 
0.082, 0.095, 0.725, 0.098, 
0.129, 0.095, 0.764, 0.012, 
0.195, 0.041, 0.738, 0.026, 
0.242, 0.145, 0.496, 0.117, 
0.146, 0.246, 0.23, 0.378, 
0.22, 0.211, 0.148, 0.421, 
0.21, 0.197, 0.471, 0.122, 
0.423, 0.084, 0.164, 0.329, 
0.392, 0.25, 0.023, 0.335, 
0.192, 0.272, 0.2, 0.336, 
0.257, 0.117, 0.471, 0.155, 
0.036, 0.263, 0.596, 0.105, 
0.151, 0.247, 0.398, 0.204, 
0.027, 0.476, 0.411, 0.086, 
0.083, 0.041, 0.678, 0.198, 
0.314, 0.245, 0.099, 0.342, 
0.5, 0.153, 0.252, 0.095, 
0.287, 0.071, 0.238, 0.404, 
0.029, 0.404, 0.117, 0.45, 
0.346, 0.033, 0.224, 0.397, 
0.335, 0.272, 0.107, 0.286, 
0.22, 0.323, 0.157, 0.3, 
0.224, 0.243, 0.23, 0.303, 
0.131, 0.31, 0.417, 0.142, 
0.129, 0.165, 0.136, 0.57, 
0.063, 0.073, 0.182, 0.682, 
0.357, 0.266, 0.292, 0.085, 
0.134, 0.204, 0.411, 0.251, 
0.147, 0.257, 0.36, 0.236, 
0.113, 0.318, 0.223, 0.346, 
0.275, 0.235, 0.214, 0.276, 
0.19, 0.232, 0.32, 0.258, 
0.128, 0.174, 0.579, 0.119, 
0.204, 0.125, 0.512, 0.159, 
0.521, 0.166, 0.159, 0.154, 
0.014, 0.183, 0.699, 0.104, 
0.24, 0.246, 0.4, 0.114, 
0.215, 0.207, 0.365, 0.213, 
0.131, 0.363, 0.217, 0.289, 
0.678, 0.15, 0.026, 0.146, 
0.239, 0.223, 0.017, 0.521, 
0.257, 0.706, 0.007, 0.03, 
0.245, 0.642, 0.018, 0.095, 
0.29, 0.497, 0.147, 0.066, 
0.305, 0.376, 0.161, 0.158, 
0.019, 0.152, 0.425, 0.404, 
0.16, 0.316, 0.267, 0.257, 
0.449, 0.245, 0.034, 0.272, 
0.597, 0.154, 0.163, 0.086, 
0.463, 0.202, 0.087, 0.248, 
0.174, 0.227, 0.085, 0.514, 
0.074, 0.324, 0.492, 0.11, 
0.12, 0.494, 0.043, 0.343, 
0.196, 0.376, 0.225, 0.203, 
0.251, 0.361, 0.244, 0.144, 
0.344, 0.453, 0.092, 0.111, 
0.386, 0.171, 0.358, 0.085, 
0.62, 0.194, 0.004, 0.182, 
0.154, 0.19, 0.455, 0.201, 
0.018, 0.196, 0.108, 0.678, 
0.23, 0.021, 0.162, 0.587, 
0.224, 0.162, 0.456, 0.158, 
0.251, 0.208, 0.257, 0.284, 
0.089, 0.269, 0.152, 0.49, 
0.131, 0.59, 0.179, 0.1, 
0.299, 0.251, 0.372, 0.078, 
0.06, 0.062, 0.057, 0.821, 
0.136, 0.616, 0.206, 0.042, 
0.126, 0.384, 0.218, 0.272, 
0.084, 0.363, 0.335, 0.218, 
0.092, 0.51, 0.184, 0.214, 
0.2, 0.523, 0.134, 0.143, 
0.133, 0.125, 0.292, 0.45, 
0.225, 0.241, 0.341, 0.193, 
0.319, 0.182, 0.239, 0.26, 
0.246, 0.267, 0.292, 0.195, 
0.17, 0.197, 0.412, 0.221, 
0.204, 0.355, 0.277, 0.164, 
0.401, 0.397, 0.142, 0.06, 
0.007, 0.004, 0.621, 0.368, 
0.483, 0.179, 0.135, 0.203, 
0.169, 0.384, 0.332, 0.115, 
0.434, 0.379, 0.018, 0.169, 
0.359, 0.327, 0.216, 0.098, 
0.345, 0.211, 0.139, 0.305, 
0.455, 0.066, 0.225, 0.254, 
0.13, 0.248, 0.622, 0.0, 
0.316, 0.37, 0.147, 0.167, 
0.561, 0.156, 0.099, 0.184, 
0.581, 0.067, 0.254, 0.098, 
0.48, 0.093, 0.022, 0.405, 
0.249, 0.072, 0.236, 0.443, 
0.122, 0.443, 0.187, 0.248, 
0.195, 0.71, 0.068, 0.027, 
0.279, 0.073, 0.29, 0.358, 
0.366, 0.259, 0.197, 0.178, 
0.551, 0.058, 0.197, 0.194, 
0.422, 0.084, 0.339, 0.155, 
0.648, 0.135, 0.145, 0.072, 
0.005, 0.144, 0.533, 0.318, 
0.062, 0.084, 0.696, 0.158, 
0.111, 0.126, 0.675, 0.088, 
0.134, 0.691, 0.03, 0.145, 
0.095, 0.467, 0.275, 0.163, 
0.193, 0.098, 0.24, 0.469, 
0.192, 0.261, 0.316, 0.231, 
0.558, 0.053, 0.125, 0.264, 
0.132, 0.102, 0.479, 0.287, 
0.066, 0.637, 0.208, 0.089, 
0.044, 0.167, 0.494, 0.295, 
0.175, 0.311, 0.267, 0.247, 
0.319, 0.278, 0.231, 0.172, 
0.119, 0.434, 0.227, 0.22, 
0.192, 0.35, 0.341, 0.117, 
0.216, 0.42, 0.167, 0.197, 
0.397, 0.194, 0.239, 0.17, 
0.542, 0.203, 0.182, 0.073, 
0.388, 0.159, 0.397, 0.056, 
0.218, 0.147, 0.335, 0.3, 
0.241, 0.505, 0.116, 0.138, 
0.28, 0.082, 0.193, 0.445, 
0.312, 0.32, 0.075, 0.293, 
0.604, 0.127, 0.171, 0.098, 
0.592, 0.076, 0.16, 0.172, 
0.42, 0.039, 0.308, 0.233, 
0.631, 0.106, 0.046, 0.217, 
0.168, 0.131, 0.29, 0.411, 
0.152, 0.45, 0.33, 0.068, 
0.427, 0.186, 0.077, 0.31, 
0.551, 0.183, 0.165, 0.101, 
0.618, 0.23, 0.073, 0.079, 
0.538, 0.036, 0.075, 0.351, 
0.332, 0.23, 0.181, 0.257, 
0.19, 0.406, 0.404, 0.0, 
0.148, 0.248, 0.227, 0.377, 
0.275, 0.159, 0.354, 0.212, 
0.462, 0.196, 0.264, 0.078, 
0.642, 0.056, 0.057, 0.245, 
0.59, 0.107, 0.083, 0.22, 
0.369, 0.229, 0.045, 0.357, 
0.262, 0.191, 0.013, 0.534, 
0.063, 0.529, 0.286, 0.122, 
0.043, 0.753, 0.124, 0.08, 
0.046, 0.168, 0.499, 0.287, 
0.374, 0.432, 0.194, 0.0, 
0.035, 0.372, 0.051, 0.542, 
0.324, 0.046, 0.153, 0.477, 
0.649, 0.226, 0.071, 0.054, 
0.36, 0.185, 0.173, 0.282, 
0.554, 0.104, 0.13, 0.212, 
0.247, 0.454, 0.252, 0.047, 
0.362, 0.266, 0.166, 0.206, 
0.171, 0.221, 0.316, 0.292, 
0.327, 0.483, 0.19, 0.0, 
0.448, 0.142, 0.275, 0.135, 
0.277, 0.132, 0.152, 0.439, 
0.336, 0.225, 0.298, 0.141, 
0.181, 0.133, 0.164, 0.522, 
0.233, 0.209, 0.213, 0.345, 
0.117, 0.074, 0.473, 0.336, 
0.216, 0.077, 0.503, 0.204, 
0.336, 0.092, 0.444, 0.128, 
0.7, 0.053, 0.086, 0.161, 
0.388, 0.071, 0.081, 0.46, 
0.432, 0.154, 0.103, 0.311, 
0.571, 0.086, 0.202, 0.141, 
0.626, 0.107, 0.267, 0.0, 
0.482, 0.224, 0.214, 0.08, 
0.238, 0.26, 0.388, 0.114, 
0.439, 0.366, 0.075, 0.12, 
0.569, 0.22, 0.117, 0.094, 
0.681, 0.116, 0.13, 0.073, 
0.594, 0.037, 0.181, 0.188, 
0.43, 0.216, 0.052, 0.302, 
0.18, 0.191, 0.29, 0.339, 
0.187, 0.228, 0.234, 0.351, 
0.293, 0.3, 0.277, 0.13, 
0.538, 0.118, 0.325, 0.019, 
0.69, 0.045, 0.009, 0.256, 
0.606, 0.157, 0.151, 0.086, 
0.462, 0.058, 0.131, 0.349, 
0.297, 0.185, 0.203, 0.315, 
0.031, 0.264, 0.369, 0.336, 
0.458, 0.082, 0.079, 0.381, 
0.306, 0.257, 0.4, 0.037, 
0.069, 0.511, 0.146, 0.274, 
0.394, 0.318, 0.032, 0.256, 
0.131, 0.24, 0.229, 0.4, 
0.386, 0.3, 0.078, 0.236, 
0.4, 0.223, 0.189, 0.188, 
0.1, 0.262, 0.345, 0.293, 
0.265, 0.376, 0.091, 0.268, 
0.259, 0.345, 0.169, 0.227, 
0.162, 0.233, 0.439, 0.166, 
0.465, 0.172, 0.199, 0.164, 
0.069, 0.595, 0.066, 0.27, 
0.162, 0.331, 0.378, 0.129, 
0.499, 0.087, 0.233, 0.181, 
0.296, 0.2, 0.352, 0.152, 
0.135, 0.178, 0.237, 0.45, 
0.214, 0.257, 0.299, 0.23, 
0.467, 0.07, 0.203, 0.26, 
0.048, 0.503, 0.188, 0.261, 
0.253, 0.03, 0.717, 0.0, 
0.357, 0.06, 0.048, 0.535, 
0.6, 0.103, 0.087, 0.21, 
0.393, 0.102, 0.112, 0.393, 
0.155, 0.255, 0.053, 0.537, 
0.151, 0.579, 0.129, 0.141, 
0.258, 0.618, 0.027, 0.097, 
0.43, 0.067, 0.457, 0.046, 
0.646, 0.135, 0.06, 0.159, 
0.692, 0.185, 0.081, 0.042, 
0.606, 0.17, 0.123, 0.101, 
0.396, 0.096, 0.149, 0.359, 
0.172, 0.523, 0.164, 0.141, 
0.163, 0.418, 0.161, 0.258, 
0.232, 0.084, 0.292, 0.392, 
0.57, 0.052, 0.335, 0.043, 
0.696, 0.05, 0.041, 0.213, 
0.559, 0.16, 0.085, 0.196, 
0.393, 0.061, 0.055, 0.491, 
0.366, 0.278, 0.105, 0.251, 
0.077, 0.11, 0.363, 0.45, 
0.214, 0.139, 0.087, 0.56, 
0.403, 0.034, 0.375, 0.188, 
0.265, 0.074, 0.431, 0.23, 
0.265, 0.234, 0.074, 0.427, 
0.037, 0.197, 0.455, 0.311, 
0.26, 0.126, 0.602, 0.012, 
0.34, 0.396, 0.122, 0.142, 
0.162, 0.139, 0.385, 0.314, 
0.306, 0.164, 0.165, 0.365, 
0.128, 0.322, 0.406, 0.144, 
0.047, 0.019, 0.838, 0.096, 
0.053, 0.161, 0.419, 0.367, 
0.16, 0.119, 0.646, 0.075, 
0.1, 0.232, 0.565, 0.103, 
0.266, 0.175, 0.171, 0.388, 
0.239, 0.053, 0.393, 0.315, 
0.19, 0.14, 0.206, 0.464, 
0.123, 0.073, 0.207, 0.597, 
0.151, 0.373, 0.13, 0.346, 
0.309, 0.528, 0.074, 0.089, 
0.396, 0.119, 0.035, 0.45, 
0.557, 0.139, 0.195, 0.109, 
0.658, 0.087, 0.136, 0.119, 
0.31, 0.163, 0.183, 0.344, 
0.486, 0.247, 0.08, 0.187, 
0.035, 0.605, 0.219, 0.141, 
0.232, 0.079, 0.547, 0.142, 
0.43, 0.266, 0.219, 0.085, 
0.581, 0.304, 0.092, 0.023, 
0.607, 0.123, 0.166, 0.104, 
0.454, 0.164, 0.194, 0.188, 
0.34, 0.349, 0.146, 0.165, 
0.183, 0.567, 0.054, 0.196, 
0.01, 0.493, 0.333, 0.164, 
0.129, 0.186, 0.206, 0.479, 
0.517, 0.052, 0.336, 0.095, 
0.676, 0.132, 0.084, 0.108, 
0.484, 0.149, 0.082, 0.285, 
0.115, 0.058, 0.114, 0.713, 
0.327, 0.294, 0.233, 0.146, 
0.002, 0.332, 0.223, 0.443, 
0.225, 0.228, 0.547, 0.0, 
0.397, 0.177, 0.279, 0.147, 
0.501, 0.104, 0.236, 0.159, 
0.104, 0.149, 0.061, 0.686, 
0.172, 0.246, 0.533, 0.049, 
0.144, 0.41, 0.117, 0.329, 
0.177, 0.351, 0.434, 0.038, 
0.166, 0.322, 0.15, 0.362, 
0.131, 0.363, 0.311, 0.195, 
0.121, 0.396, 0.303, 0.18, 
0.235, 0.146, 0.093, 0.526, 
0.165, 0.031, 0.251, 0.553, 
0.131, 0.16, 0.329, 0.38, 
0.285, 0.263, 0.271, 0.181, 
0.436, 0.338, 0.055, 0.171, 
0.18, 0.504, 0.25, 0.066, 
0.117, 0.598, 0.249, 0.036, 
0.216, 0.189, 0.223, 0.372, 
0.195, 0.052, 0.339, 0.414, 
0.157, 0.373, 0.279, 0.191, 
0.577, 0.197, 0.096, 0.13, 
0.583, 0.066, 0.212, 0.139, 
0.496, 0.128, 0.308, 0.068, 
0.209, 0.332, 0.147, 0.312, 
0.562, 0.332, 0.106, 0.0, 
0.034, 0.546, 0.085, 0.335, 
0.185, 0.286, 0.205, 0.324, 
0.339, 0.394, 0.06, 0.207, 
0.446, 0.195, 0.214, 0.145, 
0.44, 0.004, 0.381, 0.175, 
0.302, 0.142, 0.243, 0.313, 
0.259, 0.286, 0.214, 0.241, 
0.188, 0.481, 0.16, 0.171, 
0.603, 0.13, 0.231, 0.036, 
0.046, 0.379, 0.075, 0.5, 
0.491, 0.208, 0.148, 0.153, 
0.495, 0.167, 0.091, 0.247, 
0.09, 0.269, 0.341, 0.3, 
0.021, 0.161, 0.103, 0.715, 
0.285, 0.138, 0.14, 0.437, 
0.033, 0.538, 0.074, 0.355, 
0.13, 0.343, 0.37, 0.157, 
0.333, 0.122, 0.369, 0.176, 
0.508, 0.201, 0.155, 0.136, 
0.227, 0.325, 0.106, 0.342, 
0.399, 0.095, 0.342, 0.164, 
0.049, 0.111, 0.44, 0.4, 
0.181, 0.232, 0.439, 0.148, 
0.367, 0.07, 0.12, 0.443, 
0.372, 0.137, 0.201, 0.29, 
0.126, 0.153, 0.479, 0.242, 
0.495, 0.422, 0.083, 0.0, 
0.273, 0.164, 0.281, 0.282, 
0.172, 0.302, 0.1, 0.426, 
0.245, 0.074, 0.415, 0.266, 
0.127, 0.541, 0.332, 0.0, 
0.308, 0.464, 0.039, 0.189, 
0.222, 0.322, 0.256, 0.2, 
0.124, 0.209, 0.17, 0.497, 
0.234, 0.365, 0.143, 0.258, 
0.392, 0.449, 0.013, 0.146, 
0.381, 0.074, 0.451, 0.094, 
0.258, 0.142, 0.339, 0.261, 
0.347, 0.312, 0.153, 0.188, 
0.32, 0.291, 0.115, 0.274, 
0.465, 0.149, 0.203, 0.183, 
0.172, 0.253, 0.354, 0.221, 
0.112, 0.341, 0.266, 0.281, 
0.228, 0.064, 0.307, 0.401, 
0.342, 0.281, 0.199, 0.178, 
0.287, 0.415, 0.201, 0.097, 
