0.776, 0.005, 0.026, 0.07, 0.06, 0.063, 0.0, 0.0, 
0.028, 0.3, 0.007, 0.315, 0.014, 0.051, 0.013, 0.272, 
0.888, 0.02, 0.06, 0.023, 0.009, 0.0, 0.0, 0.0, 
0.836, 0.006, 0.072, 0.044, 0.007, 0.022, 0.009, 0.004, 
0.014, 0.912, 0.011, 0.016, 0.014, 0.033, 0.0, 0.0, 
0.04, 0.938, 0.022, 0.0, 0.0, 0.0, 0.0, 0.0, 
0.014, 0.875, 0.006, 0.083, 0.022, 0.0, 0.0, 0.0, 
1, 0.0, 0.0, 0.0, 0.0, 0.0, 0.0, 0.0, 
0.888, 0.023, 0.052, 0.037, 0.0, 0.0, 0.0, 0.0, 
0.008, 0.025, 0.018, 0.411, 0.5, 0.015, 0.023, 0.0, 
0.026, 0.063, 0.136, 0.439, 0.035, 0.099, 0.202, 0.0, 
0.078, 0.922, 0.0, 0.0, 0.0, 0.0, 0.0, 0.0, 
0.035, 0.79, 0.008, 0.038, 0.067, 0.062, 0.0, 0.0, 
0.013, 0.061, 0.818, 0.012, 0.018, 0.006, 0.025, 0.047, 
0.038, 0.037, 0.908, 0.017, 0.0, 0.0, 0.0, 0.0, 
0.054, 0.033, 0.005, 0.88, 0.005, 0.023, 0.0, 0.0, 
0.017, 0.01, 0.922, 0.02, 0.031, 0.0, 0.0, 0.0, 
0.053, 0.025, 0.788, 0.015, 0.074, 0.045, 0.0, 0.0, 
0.089, 0.022, 0.019, 0.019, 0.787, 0.018, 0.022, 0.024, 
0.175, 0.012, 0.636, 0.158, 0.006, 0.013, 0.0, 0.0, 
0.038, 0.023, 0.017, 0.782, 0.039, 0.092, 0.009, 0.0, 
0.082, 0.041, 0.034, 0.033, 0.74, 0.045, 0.007, 0.018, 
0.08, 0.017, 0.903, 0.0, 0.0, 0.0, 0.0, 0.0, 
0.016, 0.008, 0.021, 0.09, 0.03, 0.815, 0.02, 0.0, 
0.03, 0.026, 0.021, 0.057, 0.037, 0.803, 0.004, 0.022, 
0.066, 0.084, 0.85, 0.0, 0.0, 0.0, 0.0, 0.0, 
0.008, 0.992, 0.0, 0.0, 0.0, 0.0, 0.0, 0.0, 
0.021, 0.019, 0.093, 0.016, 0.851, 0.0, 0.0, 0.0, 
0.028, 0.972, 0.0, 0.0, 0.0, 0.0, 0.0, 0.0, 
0.02, 0.066, 0.08, 0.038, 0.063, 0.711, 0.022, 0.0, 
0.124, 0.061, 0.815, 0.0, 0.0, 0.0, 0.0, 0.0, 
0.038, 0.02, 0.024, 0.064, 0.009, 0.035, 0.81, 0.0, 
0.866, 0.008, 0.017, 0.034, 0.005, 0.07, 0.0, 0.0, 
0.856, 0.022, 0.004, 0.052, 0.01, 0.056, 0.0, 0.0, 
0.736, 0.036, 0.062, 0.13, 0.036, 0.0, 0.0, 0.0, 
0.737, 0.04, 0.009, 0.007, 0.007, 0.006, 0.01, 0.184, 
0.896, 0.003, 0.021, 0.004, 0.036, 0.01, 0.003, 0.027, 
0.848, 0.024, 0.002, 0.049, 0.012, 0.008, 0.029, 0.028, 
0.741, 0.016, 0.01, 0.007, 0.012, 0.017, 0.007, 0.19, 
0.006, 0.013, 0.161, 0.021, 0.027, 0.67, 0.007, 0.095, 
0.259, 0.032, 0.046, 0.054, 0.193, 0.033, 0.258, 0.125, 
0.027, 0.375, 0.003, 0.007, 0.297, 0.004, 0.035, 0.252, 
0.866, 0.032, 0.023, 0.026, 0.014, 0.021, 0.018, 0.0, 
0.018, 0.073, 0.208, 0.144, 0.283, 0.015, 0.021, 0.238, 
0.42, 0.072, 0.003, 0.009, 0.01, 0.014, 0.472, 0.0, 
0.679, 0.06, 0.018, 0.007, 0.049, 0.025, 0.007, 0.155, 
0.009, 0.289, 0.004, 0.076, 0.029, 0.035, 0.013, 0.545, 
0.037, 0.44, 0.122, 0.003, 0.101, 0.238, 0.038, 0.021, 
0.786, 0.023, 0.022, 0.015, 0.01, 0.037, 0.081, 0.026, 
0.807, 0.027, 0.048, 0.027, 0.011, 0.035, 0.034, 0.011, 
0.183, 0.013, 0.063, 0.018, 0.015, 0.012, 0.01, 0.686, 
0.029, 0.009, 0.034, 0.262, 0.09, 0.012, 0.452, 0.112, 
0.489, 0.24, 0.01, 0.029, 0.024, 0.208, 0.0, 0.0, 
0.582, 0.021, 0.226, 0.171, 0.0, 0.0, 0.0, 0.0, 
0.054, 0.016, 0.03, 0.121, 0.045, 0.054, 0.026, 0.654, 
0.031, 0.314, 0.023, 0.019, 0.215, 0.337, 0.048, 0.013, 
0.211, 0.1, 0.053, 0.068, 0.337, 0.027, 0.121, 0.083, 
0.296, 0.018, 0.02, 0.24, 0.003, 0.019, 0.404, 0.0, 
0.558, 0.106, 0.009, 0.042, 0.011, 0.029, 0.245, 0.0, 
0.076, 0.056, 0.022, 0.039, 0.163, 0.039, 0.037, 0.568, 
0.642, 0.021, 0.003, 0.03, 0.057, 0.07, 0.177, 0.0, 
0.107, 0.008, 0.364, 0.016, 0.083, 0.012, 0.016, 0.394, 
0.049, 0.017, 0.041, 0.372, 0.048, 0.086, 0.333, 0.054, 
0.016, 0.143, 0.012, 0.037, 0.16, 0.017, 0.603, 0.012, 
0.021, 0.15, 0.039, 0.025, 0.033, 0.078, 0.437, 0.217, 
0.154, 0.057, 0.069, 0.024, 0.147, 0.508, 0.041, 0.0, 
0.02, 0.36, 0.023, 0.012, 0.128, 0.014, 0.114, 0.329, 
0.02, 0.028, 0.347, 0.007, 0.046, 0.002, 0.55, 0.0, 
0.041, 0.027, 0.652, 0.13, 0.017, 0.026, 0.023, 0.084, 
0.237, 0.007, 0.319, 0.062, 0.067, 0.014, 0.025, 0.269, 
0.54, 0.077, 0.039, 0.151, 0.067, 0.034, 0.023, 0.069, 
0.633, 0.001, 0.023, 0.048, 0.034, 0.079, 0.045, 0.137, 
0.006, 0.381, 0.037, 0.308, 0.039, 0.008, 0.009, 0.212, 
0.621, 0.14, 0.027, 0.035, 0.023, 0.068, 0.086, 0.0, 
0.659, 0.021, 0.032, 0.108, 0.005, 0.06, 0.044, 0.071, 
0.205, 0.039, 0.027, 0.103, 0.021, 0.131, 0.474, 0.0, 
0.033, 0.016, 0.587, 0.024, 0.053, 0.024, 0.263, 0.0, 
0.15, 0.016, 0.043, 0.212, 0.039, 0.004, 0.536, 0.0, 
0.038, 0.025, 0.642, 0.08, 0.038, 0.036, 0.141, 0.0, 
0.283, 0.027, 0.27, 0.221, 0.086, 0.027, 0.086, 0.0, 
0.706, 0.024, 0.075, 0.03, 0.051, 0.033, 0.032, 0.049, 
0.028, 0.058, 0.262, 0.054, 0.006, 0.317, 0.236, 0.039, 
0.03, 0.131, 0.03, 0.483, 0.078, 0.036, 0.025, 0.187, 
0.084, 0.373, 0.003, 0.01, 0.04, 0.014, 0.025, 0.451, 
0.056, 0.246, 0.025, 0.526, 0.015, 0.086, 0.041, 0.005, 
0.649, 0.055, 0.02, 0.022, 0.027, 0.071, 0.088, 0.068, 
0.255, 0.032, 0.029, 0.442, 0.024, 0.06, 0.015, 0.143, 
0.278, 0.195, 0.11, 0.015, 0.073, 0.09, 0.227, 0.012, 
0.405, 0.071, 0.009, 0.289, 0.051, 0.076, 0.015, 0.084, 
0.051, 0.019, 0.513, 0.015, 0.002, 0.025, 0.026, 0.349, 
0.063, 0.395, 0.017, 0.288, 0.104, 0.031, 0.036, 0.066, 
0.096, 0.585, 0.076, 0.03, 0.059, 0.027, 0.117, 0.01, 
0.37, 0.128, 0.355, 0.01, 0.012, 0.069, 0.012, 0.044, 
0.017, 0.013, 0.118, 0.011, 0.036, 0.734, 0.026, 0.045, 
0.313, 0.05, 0.225, 0.027, 0.203, 0.057, 0.049, 0.076, 
0.017, 0.014, 0.028, 0.034, 0.019, 0.506, 0.382, 0.0, 
0.021, 0.123, 0.677, 0.021, 0.014, 0.05, 0.053, 0.041, 
0.024, 0.04, 0.086, 0.617, 0.006, 0.013, 0.214, 0.0, 
0.001, 0.007, 0.033, 0.341, 0.119, 0.356, 0.009, 0.134, 
0.072, 0.049, 0.329, 0.045, 0.024, 0.029, 0.033, 0.419, 
0.074, 0.045, 0.657, 0.011, 0.027, 0.099, 0.087, 0.0, 
0.297, 0.061, 0.015, 0.255, 0.032, 0.178, 0.043, 0.119, 
0.002, 0.035, 0.156, 0.076, 0.065, 0.112, 0.443, 0.111, 
0.316, 0.118, 0.203, 0.049, 0.253, 0.044, 0.017, 0.0, 
0.219, 0.143, 0.009, 0.057, 0.09, 0.42, 0.026, 0.036, 
0.141, 0.061, 0.015, 0.477, 0.049, 0.024, 0.018, 0.215, 
0.052, 0.011, 0.597, 0.096, 0.011, 0.014, 0.015, 0.204, 
0.017, 0.018, 0.782, 0.017, 0.013, 0.075, 0.006, 0.072, 
0.037, 0.228, 0.158, 0.116, 0.034, 0.015, 0.336, 0.076, 
0.035, 0.685, 0.036, 0.05, 0.03, 0.164, 0.0, 0.0, 
0.016, 0.031, 0.828, 0.013, 0.002, 0.103, 0.007, 0.0, 
0.084, 0.092, 0.047, 0.009, 0.194, 0.055, 0.519, 0.0, 
0.033, 0.175, 0.02, 0.052, 0.05, 0.125, 0.508, 0.037, 
0.105, 0.484, 0.02, 0.018, 0.044, 0.028, 0.301, 0.0, 
0.386, 0.026, 0.086, 0.018, 0.05, 0.321, 0.013, 0.1, 
0.198, 0.012, 0.104, 0.456, 0.006, 0.012, 0.195, 0.017, 
0.024, 0.006, 0.461, 0.163, 0.019, 0.036, 0.069, 0.222, 
0.046, 0.044, 0.07, 0.508, 0.193, 0.097, 0.042, 0.0, 
0.176, 0.045, 0.203, 0.039, 0.037, 0.395, 0.069, 0.036, 
0.033, 0.008, 0.059, 0.043, 0.087, 0.364, 0.369, 0.037, 
0.173, 0.115, 0.012, 0.256, 0.123, 0.155, 0.166, 0.0, 
0.004, 0.152, 0.503, 0.069, 0.046, 0.155, 0.061, 0.01, 
0.015, 0.303, 0.022, 0.014, 0.021, 0.036, 0.531, 0.058, 
0.019, 0.675, 0.026, 0.117, 0.034, 0.111, 0.018, 0.0, 
0.009, 0.416, 0.048, 0.383, 0.018, 0.019, 0.053, 0.054, 
0.547, 0.027, 0.126, 0.059, 0.021, 0.017, 0.186, 0.017, 
0.2, 0.003, 0.022, 0.069, 0.011, 0.5, 0.145, 0.05, 
0.18, 0.092, 0.02, 0.512, 0.003, 0.003, 0.177, 0.013, 
0.03, 0.065, 0.07, 0.194, 0.027, 0.043, 0.193, 0.378, 
0.199, 0.004, 0.497, 0.091, 0.079, 0.02, 0.085, 0.025, 
0.32, 0.006, 0.039, 0.023, 0.008, 0.017, 0.577, 0.01, 
0.018, 0.095, 0.031, 0.172, 0.076, 0.043, 0.547, 0.018, 
0.29, 0.013, 0.012, 0.127, 0.069, 0.39, 0.013, 0.086, 
0.022, 0.058, 0.07, 0.184, 0.022, 0.05, 0.552, 0.042, 
0.027, 0.036, 0.019, 0.388, 0.034, 0.018, 0.449, 0.029, 
0.025, 0.049, 0.022, 0.047, 0.83, 0.027, 0.0, 0.0, 
0.085, 0.022, 0.028, 0.241, 0.154, 0.039, 0.237, 0.194, 
0.024, 0.571, 0.01, 0.11, 0.007, 0.031, 0.036, 0.211, 
0.025, 0.021, 0.624, 0.159, 0.088, 0.04, 0.02, 0.023, 
0.059, 0.011, 0.148, 0.139, 0.049, 0.074, 0.004, 0.516, 
0.03, 0.018, 0.036, 0.665, 0.012, 0.032, 0.178, 0.029, 
0.272, 0.086, 0.409, 0.02, 0.064, 0.008, 0.115, 0.026, 
0.04, 0.035, 0.636, 0.008, 0.072, 0.011, 0.026, 0.172, 
0.132, 0.01, 0.031, 0.057, 0.573, 0.02, 0.027, 0.15, 
0.01, 0.036, 0.089, 0.488, 0.013, 0.01, 0.344, 0.01, 
0.026, 0.278, 0.358, 0.029, 0.005, 0.033, 0.084, 0.187, 
0.034, 0.021, 0.331, 0.018, 0.067, 0.231, 0.279, 0.019, 
0.179, 0.033, 0.013, 0.026, 0.01, 0.072, 0.486, 0.181, 
0.01, 0.177, 0.13, 0.027, 0.271, 0.009, 0.369, 0.007, 
0.144, 0.527, 0.022, 0.137, 0.129, 0.009, 0.017, 0.015, 
0.014, 0.02, 0.096, 0.021, 0.009, 0.059, 0.767, 0.014, 
0.064, 0.397, 0.022, 0.025, 0.06, 0.023, 0.361, 0.048, 
0.014, 0.034, 0.465, 0.069, 0.029, 0.056, 0.011, 0.322, 
0.04, 0.007, 0.016, 0.285, 0.029, 0.574, 0.049, 0.0, 
0.118, 0.037, 0.193, 0.036, 0.062, 0.519, 0.02, 0.015, 
0.092, 0.026, 0.449, 0.005, 0.063, 0.187, 0.03, 0.148, 
0.012, 0.033, 0.149, 0.025, 0.419, 0.054, 0.015, 0.293, 
0.002, 0.563, 0.012, 0.081, 0.252, 0.038, 0.022, 0.03, 
0.035, 0.01, 0.246, 0.03, 0.026, 0.415, 0.025, 0.213, 
0.093, 0.005, 0.05, 0.05, 0.043, 0.016, 0.731, 0.012, 
0.009, 0.303, 0.112, 0.193, 0.011, 0.02, 0.323, 0.029, 
0.185, 0.024, 0.057, 0.46, 0.015, 0.117, 0.02, 0.122, 
0.007, 0.839, 0.032, 0.022, 0.03, 0.01, 0.06, 0.0, 
0.043, 0.446, 0.262, 0.002, 0.009, 0.067, 0.171, 0.0, 
0.031, 0.094, 0.088, 0.281, 0.267, 0.026, 0.213, 0.0, 
0.098, 0.048, 0.071, 0.13, 0.043, 0.003, 0.575, 0.032, 
0.026, 0.011, 0.367, 0.025, 0.04, 0.341, 0.146, 0.044, 
0.051, 0.063, 0.431, 0.068, 0.251, 0.112, 0.024, 0.0, 
0.751, 0.008, 0.078, 0.018, 0.016, 0.11, 0.019, 0.0, 
0.411, 0.019, 0.057, 0.005, 0.069, 0.407, 0.032, 0.0, 
0.343, 0.038, 0.269, 0.169, 0.018, 0.006, 0.018, 0.139, 
0.026, 0.012, 0.577, 0.014, 0.137, 0.012, 0.222, 0.0, 
0.067, 0.29, 0.084, 0.024, 0.119, 0.071, 0.004, 0.341, 
0.009, 0.016, 0.024, 0.19, 0.026, 0.125, 0.517, 0.093, 
0.042, 0.059, 0.025, 0.506, 0.203, 0.068, 0.069, 0.028, 
0.086, 0.039, 0.632, 0.051, 0.016, 0.015, 0.093, 0.068, 
0.091, 0.008, 0.05, 0.01, 0.009, 0.8, 0.01, 0.022, 
0.379, 0.004, 0.16, 0.062, 0.21, 0.085, 0.058, 0.042, 
0.256, 0.118, 0.04, 0.087, 0.031, 0.032, 0.037, 0.399, 
0.635, 0.089, 0.026, 0.019, 0.008, 0.019, 0.101, 0.103, 
0.765, 0.07, 0.08, 0.03, 0.016, 0.028, 0.011, 0.0, 
0.224, 0.011, 0.022, 0.009, 0.462, 0.223, 0.049, 0.0, 
0.36, 0.061, 0.296, 0.088, 0.082, 0.027, 0.049, 0.037, 
0.008, 0.821, 0.07, 0.083, 0.008, 0.007, 0.003, 0.0, 
0.012, 0.751, 0.041, 0.027, 0.013, 0.016, 0.024, 0.116, 
0.024, 0.02, 0.026, 0.114, 0.057, 0.036, 0.048, 0.675, 
0.053, 0.032, 0.059, 0.054, 0.029, 0.305, 0.03, 0.438, 
0.394, 0.012, 0.013, 0.326, 0.072, 0.014, 0.138, 0.031, 
0.008, 0.037, 0.092, 0.379, 0.028, 0.018, 0.064, 0.374, 
0.604, 0.035, 0.034, 0.026, 0.047, 0.01, 0.234, 0.01, 
0.023, 0.088, 0.025, 0.116, 0.091, 0.352, 0.274, 0.031, 
0.078, 0.065, 0.078, 0.024, 0.223, 0.038, 0.389, 0.105, 
0.714, 0.048, 0.018, 0.115, 0.029, 0.016, 0.06, 0.0, 
0.019, 0.057, 0.427, 0.224, 0.039, 0.129, 0.063, 0.042, 
0.583, 0.012, 0.197, 0.174, 0.003, 0.006, 0.025, 0.0, 
0.084, 0.028, 0.215, 0.026, 0.036, 0.019, 0.564, 0.028, 
0.762, 0.022, 0.043, 0.018, 0.014, 0.018, 0.099, 0.024, 
0.18, 0.047, 0.099, 0.001, 0.225, 0.011, 0.433, 0.004, 
0.085, 0.03, 0.677, 0.008, 0.01, 0.072, 0.008, 0.11, 
0.143, 0.116, 0.367, 0.007, 0.018, 0.015, 0.012, 0.322, 
0.008, 0.041, 0.192, 0.548, 0.02, 0.016, 0.085, 0.09, 
0.368, 0.049, 0.059, 0.187, 0.048, 0.229, 0.036, 0.024, 
0.023, 0.093, 0.017, 0.055, 0.005, 0.736, 0.024, 0.047, 
0.287, 0.034, 0.007, 0.016, 0.612, 0.015, 0.029, 0.0, 
0.773, 0.047, 0.037, 0.014, 0.027, 0.014, 0.031, 0.057, 
0.013, 0.006, 0.306, 0.007, 0.402, 0.009, 0.039, 0.218, 
0.04, 0.262, 0.073, 0.042, 0.021, 0.277, 0.268, 0.017, 
0.114, 0.098, 0.087, 0.027, 0.018, 0.471, 0.157, 0.028, 
0.22, 0.18, 0.045, 0.207, 0.24, 0.04, 0.068, 0.0, 
0.01, 0.698, 0.015, 0.017, 0.036, 0.193, 0.031, 0.0, 
0.112, 0.542, 0.022, 0.019, 0.017, 0.26, 0.016, 0.012, 
0.01, 0.173, 0.059, 0.02, 0.03, 0.68, 0.022, 0.006, 
0.042, 0.194, 0.038, 0.124, 0.096, 0.044, 0.449, 0.013, 
0.03, 0.099, 0.025, 0.715, 0.006, 0.071, 0.046, 0.008, 
0.18, 0.01, 0.037, 0.047, 0.032, 0.662, 0.014, 0.018, 
0.109, 0.011, 0.017, 0.637, 0.013, 0.189, 0.016, 0.008, 
0.057, 0.382, 0.147, 0.049, 0.024, 0.311, 0.012, 0.018, 
0.166, 0.063, 0.037, 0.047, 0.113, 0.078, 0.161, 0.335, 
0.045, 0.523, 0.012, 0.104, 0.316, 0.0, 0.0, 0.0, 
0.017, 0.851, 0.021, 0.016, 0.031, 0.015, 0.013, 0.036, 
0.028, 0.636, 0.003, 0.126, 0.023, 0.011, 0.064, 0.109, 
0.023, 0.112, 0.1, 0.134, 0.238, 0.035, 0.323, 0.035, 
0.276, 0.075, 0.07, 0.014, 0.306, 0.055, 0.024, 0.18, 
0.085, 0.008, 0.028, 0.667, 0.015, 0.148, 0.046, 0.003, 
0.014, 0.715, 0.025, 0.094, 0.03, 0.05, 0.065, 0.007, 
0.011, 0.541, 0.007, 0.098, 0.006, 0.314, 0.003, 0.02, 
0.012, 0.09, 0.047, 0.04, 0.306, 0.464, 0.041, 0.0, 
0.035, 0.011, 0.806, 0.019, 0.021, 0.057, 0.005, 0.046, 
0.01, 0.259, 0.508, 0.033, 0.035, 0.068, 0.085, 0.002, 
0.082, 0.007, 0.005, 0.403, 0.095, 0.074, 0.083, 0.251, 
0.766, 0.007, 0.018, 0.016, 0.013, 0.035, 0.016, 0.129, 
0.082, 0.08, 0.49, 0.01, 0.031, 0.01, 0.269, 0.028, 
0.012, 0.218, 0.043, 0.011, 0.185, 0.012, 0.013, 0.506, 
0.009, 0.74, 0.029, 0.002, 0.055, 0.037, 0.122, 0.006, 
0.01, 0.653, 0.013, 0.009, 0.212, 0.054, 0.049, 0.0, 
0.045, 0.019, 0.058, 0.016, 0.047, 0.524, 0.276, 0.015, 
0.113, 0.427, 0.038, 0.057, 0.018, 0.012, 0.256, 0.079, 
0.325, 0.029, 0.022, 0.289, 0.074, 0.019, 0.209, 0.033, 
0.113, 0.074, 0.307, 0.062, 0.03, 0.381, 0.012, 0.021, 
0.064, 0.01, 0.028, 0.03, 0.684, 0.079, 0.089, 0.016, 
0.128, 0.286, 0.204, 0.027, 0.104, 0.065, 0.032, 0.154, 
0.401, 0.044, 0.258, 0.018, 0.136, 0.039, 0.077, 0.027, 
0.69, 0.014, 0.246, 0.013, 0.029, 0.005, 0.003, 0.0, 
0.287, 0.019, 0.404, 0.08, 0.015, 0.009, 0.148, 0.038, 
0.002, 0.02, 0.019, 0.309, 0.066, 0.382, 0.202, 0.0, 
0.059, 0.018, 0.026, 0.723, 0.045, 0.021, 0.085, 0.023, 
0.543, 0.055, 0.007, 0.017, 0.342, 0.008, 0.014, 0.014, 
0.077, 0.003, 0.041, 0.047, 0.071, 0.051, 0.681, 0.029, 
0.01, 0.516, 0.046, 0.054, 0.235, 0.109, 0.024, 0.006, 
0.009, 0.282, 0.022, 0.016, 0.498, 0.086, 0.056, 0.031, 
0.04, 0.399, 0.018, 0.009, 0.052, 0.378, 0.065, 0.039, 
0.112, 0.323, 0.027, 0.125, 0.089, 0.212, 0.04, 0.072, 
0.064, 0.626, 0.006, 0.004, 0.034, 0.154, 0.007, 0.105, 
0.015, 0.613, 0.028, 0.269, 0.021, 0.015, 0.027, 0.012, 
0.139, 0.026, 0.01, 0.038, 0.035, 0.672, 0.016, 0.064, 
0.019, 0.17, 0.003, 0.058, 0.027, 0.013, 0.71, 0.0, 
0.008, 0.144, 0.036, 0.017, 0.579, 0.121, 0.059, 0.036, 
0.027, 0.03, 0.537, 0.028, 0.052, 0.276, 0.018, 0.032, 
0.071, 0.051, 0.037, 0.03, 0.043, 0.392, 0.266, 0.11, 
0.036, 0.107, 0.142, 0.122, 0.056, 0.038, 0.469, 0.03, 
0.038, 0.535, 0.062, 0.031, 0.016, 0.218, 0.1, 0.0, 
0.784, 0.029, 0.024, 0.046, 0.045, 0.061, 0.011, 0.0, 
0.077, 0.012, 0.102, 0.383, 0.331, 0.055, 0.029, 0.011, 
0.033, 0.052, 0.018, 0.237, 0.046, 0.139, 0.146, 0.329, 
0.651, 0.008, 0.014, 0.01, 0.16, 0.015, 0.096, 0.046, 
0.052, 0.047, 0.37, 0.041, 0.041, 0.17, 0.017, 0.262, 
0.017, 0.188, 0.029, 0.073, 0.179, 0.238, 0.132, 0.144, 
0.041, 0.316, 0.019, 0.034, 0.009, 0.013, 0.015, 0.553, 
0.663, 0.004, 0.011, 0.129, 0.008, 0.141, 0.044, 0.0, 
0.018, 0.232, 0.04, 0.022, 0.282, 0.193, 0.029, 0.184, 
0.003, 0.06, 0.367, 0.085, 0.043, 0.04, 0.402, 0.0, 
0.031, 0.032, 0.034, 0.033, 0.029, 0.612, 0.229, 0.0, 
0.032, 0.535, 0.057, 0.059, 0.066, 0.048, 0.184, 0.019, 
0.76, 0.045, 0.026, 0.083, 0.067, 0.006, 0.013, 0.0, 
0.004, 0.451, 0.004, 0.005, 0.325, 0.004, 0.196, 0.011, 
0.026, 0.02, 0.131, 0.461, 0.028, 0.05, 0.016, 0.268, 
0.088, 0.01, 0.031, 0.026, 0.516, 0.011, 0.309, 0.009, 
0.866, 0.02, 0.015, 0.013, 0.023, 0.032, 0.006, 0.025, 
0.014, 0.008, 0.016, 0.569, 0.049, 0.011, 0.005, 0.328, 
0.052, 0.015, 0.01, 0.722, 0.037, 0.022, 0.12, 0.022, 
0.037, 0.023, 0.125, 0.032, 0.014, 0.583, 0.167, 0.019, 
0.093, 0.035, 0.278, 0.005, 0.01, 0.537, 0.042, 0.0, 
0.004, 0.634, 0.079, 0.015, 0.009, 0.205, 0.048, 0.006, 
0.109, 0.058, 0.033, 0.006, 0.051, 0.73, 0.013, 0.0, 
0.071, 0.01, 0.005, 0.744, 0.017, 0.112, 0.007, 0.034, 
0.109, 0.423, 0.207, 0.017, 0.015, 0.022, 0.126, 0.081, 
0.072, 0.004, 0.053, 0.017, 0.25, 0.069, 0.216, 0.319, 
0.117, 0.016, 0.152, 0.055, 0.261, 0.066, 0.313, 0.02, 
0.76, 0.025, 0.006, 0.084, 0.011, 0.013, 0.034, 0.067, 
0.014, 0.658, 0.004, 0.008, 0.034, 0.21, 0.049, 0.023, 
0.366, 0.132, 0.06, 0.055, 0.149, 0.1, 0.106, 0.032, 
0.009, 0.286, 0.023, 0.029, 0.094, 0.278, 0.243, 0.038, 
0.043, 0.297, 0.012, 0.079, 0.285, 0.028, 0.027, 0.229, 
0.612, 0.07, 0.2, 0.01, 0.032, 0.046, 0.006, 0.024, 
0.019, 0.619, 0.049, 0.076, 0.041, 0.005, 0.169, 0.022, 
0.004, 0.662, 0.018, 0.002, 0.059, 0.027, 0.228, 0.0, 
0.033, 0.17, 0.031, 0.041, 0.033, 0.38, 0.035, 0.277, 
0.052, 0.004, 0.75, 0.074, 0.015, 0.019, 0.043, 0.043, 
0.036, 0.229, 0.133, 0.016, 0.333, 0.039, 0.198, 0.016, 
0.192, 0.015, 0.041, 0.03, 0.63, 0.028, 0.019, 0.045, 
0.04, 0.03, 0.512, 0.022, 0.033, 0.295, 0.026, 0.042, 
0.275, 0.011, 0.039, 0.522, 0.036, 0.035, 0.018, 0.064, 
0.037, 0.028, 0.618, 0.033, 0.033, 0.15, 0.079, 0.022, 
0.081, 0.005, 0.033, 0.42, 0.218, 0.243, 0.0, 0.0, 
0.131, 0.032, 0.022, 0.147, 0.01, 0.042, 0.604, 0.012, 
0.068, 0.041, 0.417, 0.018, 0.037, 0.042, 0.255, 0.122, 
0.04, 0.121, 0.012, 0.389, 0.146, 0.263, 0.009, 0.02, 
0.08, 0.436, 0.162, 0.014, 0.269, 0.009, 0.011, 0.019, 
0.223, 0.082, 0.112, 0.048, 0.448, 0.043, 0.02, 0.024, 
0.741, 0.178, 0.038, 0.043, 0.0, 0.0, 0.0, 0.0, 
0.02, 0.166, 0.077, 0.116, 0.103, 0.017, 0.49, 0.011, 
0.024, 0.262, 0.071, 0.066, 0.004, 0.028, 0.545, 0.0, 
0.011, 0.206, 0.053, 0.188, 0.011, 0.5, 0.002, 0.029, 
0.196, 0.2, 0.102, 0.008, 0.253, 0.17, 0.071, 0.0, 
0.038, 0.013, 0.06, 0.029, 0.037, 0.349, 0.457, 0.017, 
0.068, 0.006, 0.373, 0.017, 0.01, 0.293, 0.227, 0.006, 
0.599, 0.016, 0.012, 0.134, 0.135, 0.016, 0.088, 0.0, 
0.044, 0.02, 0.155, 0.043, 0.014, 0.467, 0.241, 0.016, 
0.053, 0.024, 0.041, 0.025, 0.567, 0.019, 0.217, 0.054, 
0.056, 0.021, 0.628, 0.009, 0.024, 0.049, 0.022, 0.191, 
0.047, 0.029, 0.008, 0.559, 0.039, 0.021, 0.286, 0.011, 
0.147, 0.023, 0.012, 0.093, 0.094, 0.026, 0.605, 0.0, 
0.707, 0.007, 0.013, 0.112, 0.011, 0.037, 0.106, 0.007, 
0.021, 0.451, 0.005, 0.067, 0.129, 0.327, 0.0, 0.0, 
0.018, 0.589, 0.029, 0.075, 0.042, 0.146, 0.101, 0.0, 
0.126, 0.021, 0.012, 0.156, 0.04, 0.246, 0.387, 0.012, 
0.144, 0.008, 0.054, 0.45, 0.074, 0.008, 0.028, 0.234, 
0.097, 0.488, 0.053, 0.043, 0.119, 0.058, 0.11, 0.032, 
0.005, 0.037, 0.296, 0.053, 0.045, 0.467, 0.097, 0.0, 
0.007, 0.049, 0.051, 0.04, 0.031, 0.368, 0.105, 0.349, 
0.069, 0.589, 0.104, 0.08, 0.051, 0.027, 0.075, 0.005, 
0.012, 0.489, 0.075, 0.07, 0.302, 0.008, 0.013, 0.031, 
0.035, 0.113, 0.022, 0.324, 0.03, 0.232, 0.19, 0.054, 
0.054, 0.842, 0.008, 0.018, 0.065, 0.013, 0.0, 0.0, 
0.046, 0.016, 0.049, 0.131, 0.146, 0.447, 0.165, 0.0, 
0.076, 0.022, 0.047, 0.146, 0.163, 0.325, 0.177, 0.044, 
0.01, 0.182, 0.059, 0.009, 0.117, 0.592, 0.005, 0.026, 
0.013, 0.009, 0.029, 0.306, 0.107, 0.024, 0.381, 0.131, 
0.034, 0.57, 0.018, 0.298, 0.03, 0.024, 0.015, 0.011, 
0.033, 0.015, 0.31, 0.012, 0.031, 0.528, 0.071, 0.0, 
0.012, 0.14, 0.053, 0.033, 0.626, 0.071, 0.025, 0.04, 
0.131, 0.121, 0.142, 0.071, 0.023, 0.255, 0.175, 0.082, 
0.013, 0.574, 0.271, 0.039, 0.014, 0.062, 0.027, 0.0, 
0.789, 0.034, 0.026, 0.027, 0.049, 0.008, 0.055, 0.012, 
0.708, 0.051, 0.01, 0.111, 0.035, 0.038, 0.041, 0.006, 
0.031, 0.29, 0.065, 0.111, 0.063, 0.199, 0.129, 0.112, 
0.189, 0.079, 0.034, 0.336, 0.07, 0.084, 0.07, 0.138, 
0.071, 0.135, 0.023, 0.703, 0.068, 0.0, 0.0, 0.0, 
0.024, 0.296, 0.163, 0.286, 0.1, 0.105, 0.026, 0.0, 
0.03, 0.223, 0.029, 0.03, 0.277, 0.384, 0.027, 0.0, 
0.037, 0.051, 0.373, 0.209, 0.091, 0.028, 0.198, 0.013, 
0.016, 0.763, 0.012, 0.004, 0.055, 0.087, 0.008, 0.055, 
0.023, 0.293, 0.092, 0.019, 0.018, 0.055, 0.5, 0.0, 
0.032, 0.515, 0.009, 0.379, 0.027, 0.004, 0.019, 0.015, 
0.037, 0.157, 0.032, 0.24, 0.084, 0.04, 0.134, 0.276, 
0.114, 0.018, 0.401, 0.028, 0.151, 0.288, 0.0, 0.0, 
0.345, 0.007, 0.29, 0.318, 0.011, 0.006, 0.023, 0.0, 
0.158, 0.471, 0.038, 0.033, 0.105, 0.014, 0.12, 0.061, 
0.023, 0.033, 0.101, 0.242, 0.461, 0.067, 0.05, 0.023, 
0.685, 0.008, 0.04, 0.183, 0.016, 0.003, 0.034, 0.031, 
0.041, 0.012, 0.014, 0.116, 0.019, 0.044, 0.332, 0.422, 
0.081, 0.009, 0.057, 0.399, 0.093, 0.272, 0.05, 0.039, 
0.483, 0.034, 0.019, 0.039, 0.305, 0.043, 0.06, 0.017, 
0.048, 0.042, 0.017, 0.515, 0.023, 0.019, 0.327, 0.009, 
0.002, 0.215, 0.038, 0.046, 0.057, 0.578, 0.054, 0.01, 
0.06, 0.003, 0.031, 0.67, 0.077, 0.138, 0.021, 0.0, 
0.197, 0.138, 0.105, 0.004, 0.422, 0.08, 0.03, 0.024, 
0.055, 0.037, 0.248, 0.406, 0.16, 0.044, 0.05, 0.0, 
0.216, 0.068, 0.021, 0.366, 0.047, 0.195, 0.061, 0.026, 
0.019, 0.03, 0.283, 0.072, 0.032, 0.01, 0.036, 0.518, 
0.007, 0.628, 0.055, 0.042, 0.184, 0.044, 0.006, 0.034, 
0.21, 0.042, 0.024, 0.071, 0.017, 0.584, 0.037, 0.015, 
0.018, 0.13, 0.097, 0.024, 0.633, 0.025, 0.054, 0.019, 
0.033, 0.331, 0.059, 0.056, 0.33, 0.07, 0.015, 0.106, 
0.076, 0.009, 0.709, 0.02, 0.002, 0.012, 0.136, 0.036, 
0.093, 0.256, 0.092, 0.157, 0.086, 0.144, 0.172, 0.0, 
0.008, 0.176, 0.014, 0.782, 0.009, 0.011, 0.0, 0.0, 
0.149, 0.277, 0.051, 0.115, 0.01, 0.342, 0.026, 0.03, 
0.023, 0.059, 0.518, 0.02, 0.277, 0.015, 0.088, 0.0, 
0.042, 0.188, 0.059, 0.036, 0.515, 0.068, 0.028, 0.064, 
0.525, 0.061, 0.048, 0.185, 0.08, 0.031, 0.045, 0.025, 
0.105, 0.018, 0.433, 0.055, 0.029, 0.319, 0.029, 0.012, 
0.11, 0.056, 0.739, 0.012, 0.022, 0.026, 0.035, 0.0, 
0.026, 0.711, 0.023, 0.112, 0.128, 0.0, 0.0, 0.0, 
0.712, 0.184, 0.008, 0.042, 0.015, 0.039, 0.0, 0.0, 
0.039, 0.393, 0.034, 0.304, 0.026, 0.011, 0.176, 0.017, 
0.028, 0.284, 0.012, 0.355, 0.132, 0.008, 0.025, 0.156, 
0.698, 0.13, 0.007, 0.108, 0.006, 0.05, 0.001, 0.0, 
0.044, 0.632, 0.07, 0.01, 0.027, 0.035, 0.123, 0.059, 
0.205, 0.028, 0.123, 0.063, 0.081, 0.071, 0.024, 0.405, 
0.014, 0.014, 0.307, 0.037, 0.034, 0.01, 0.095, 0.489, 
0.015, 0.023, 0.765, 0.14, 0.013, 0.016, 0.028, 0.0, 
0.549, 0.015, 0.195, 0.082, 0.022, 0.078, 0.059, 0.0, 
0.592, 0.029, 0.024, 0.013, 0.225, 0.117, 0.0, 0.0, 
0.266, 0.032, 0.337, 0.032, 0.081, 0.038, 0.214, 0.0, 
0.83, 0.016, 0.066, 0.088, 0.0, 0.0, 0.0, 0.0, 
0.274, 0.141, 0.014, 0.034, 0.04, 0.409, 0.017, 0.071, 
0.03, 0.081, 0.225, 0.116, 0.359, 0.07, 0.119, 0.0, 
0.043, 0.033, 0.758, 0.011, 0.068, 0.017, 0.037, 0.033, 
0.069, 0.08, 0.067, 0.266, 0.107, 0.111, 0.172, 0.128, 
0.106, 0.052, 0.059, 0.087, 0.643, 0.02, 0.027, 0.006, 
0.007, 0.014, 0.432, 0.009, 0.146, 0.005, 0.248, 0.139, 
0.049, 0.083, 0.515, 0.132, 0.112, 0.08, 0.029, 0.0, 
0.05, 0.405, 0.264, 0.148, 0.087, 0.046, 0.0, 0.0, 
0.036, 0.222, 0.008, 0.006, 0.033, 0.279, 0.397, 0.019, 
0.05, 0.08, 0.066, 0.005, 0.467, 0.332, 0.0, 0.0, 
0.228, 0.137, 0.024, 0.335, 0.094, 0.129, 0.053, 0.0, 
0.014, 0.217, 0.028, 0.075, 0.167, 0.065, 0.412, 0.022, 
0.109, 0.027, 0.011, 0.307, 0.018, 0.035, 0.433, 0.06, 
0.047, 0.04, 0.663, 0.011, 0.064, 0.042, 0.012, 0.121, 
0.627, 0.013, 0.09, 0.061, 0.038, 0.081, 0.082, 0.008, 
0.015, 0.502, 0.005, 0.102, 0.055, 0.013, 0.307, 0.001, 
0.052, 0.038, 0.05, 0.162, 0.336, 0.028, 0.307, 0.027, 
0.13, 0.113, 0.027, 0.248, 0.228, 0.181, 0.073, 0.0, 
0.048, 0.025, 0.201, 0.002, 0.006, 0.642, 0.076, 0.0, 
0.035, 0.669, 0.048, 0.041, 0.019, 0.152, 0.019, 0.017, 
0.168, 0.025, 0.111, 0.075, 0.064, 0.014, 0.435, 0.108, 
0.001, 0.016, 0.398, 0.078, 0.394, 0.113, 0.0, 0.0, 
0.02, 0.021, 0.164, 0.036, 0.48, 0.024, 0.253, 0.002, 
0.023, 0.056, 0.137, 0.282, 0.118, 0.023, 0.033, 0.328, 
0.007, 0.097, 0.024, 0.272, 0.004, 0.116, 0.422, 0.058, 
0.009, 0.592, 0.022, 0.017, 0.016, 0.006, 0.32, 0.018, 
0.257, 0.063, 0.144, 0.007, 0.036, 0.09, 0.377, 0.026, 
0.234, 0.059, 0.537, 0.025, 0.028, 0.092, 0.025, 0.0, 
0.012, 0.085, 0.004, 0.1, 0.012, 0.587, 0.092, 0.108, 
0.03, 0.065, 0.265, 0.548, 0.036, 0.043, 0.013, 0.0, 
0.083, 0.05, 0.02, 0.085, 0.235, 0.168, 0.124, 0.235, 
0.008, 0.079, 0.003, 0.419, 0.397, 0.003, 0.081, 0.01, 
0.021, 0.101, 0.05, 0.481, 0.299, 0.048, 0.0, 0.0, 
0.066, 0.559, 0.003, 0.017, 0.017, 0.171, 0.167, 0.0, 
0.011, 0.087, 0.042, 0.015, 0.017, 0.069, 0.713, 0.046, 
0.02, 0.008, 0.03, 0.302, 0.107, 0.023, 0.385, 0.125, 
0.018, 0.255, 0.012, 0.618, 0.015, 0.036, 0.007, 0.039, 
0.012, 0.773, 0.003, 0.013, 0.031, 0.149, 0.011, 0.008, 
0.005, 0.046, 0.059, 0.496, 0.317, 0.061, 0.016, 0.0, 
0.102, 0.131, 0.027, 0.05, 0.641, 0.035, 0.014, 0.0, 
0.098, 0.017, 0.587, 0.03, 0.066, 0.187, 0.006, 0.009, 
0.036, 0.486, 0.072, 0.065, 0.021, 0.145, 0.079, 0.096, 
0.042, 0.015, 0.067, 0.257, 0.239, 0.184, 0.196, 0.0, 
0.088, 0.067, 0.724, 0.022, 0.018, 0.011, 0.036, 0.034, 
0.08, 0.045, 0.685, 0.005, 0.068, 0.033, 0.058, 0.026, 
0.588, 0.212, 0.011, 0.028, 0.078, 0.015, 0.051, 0.017, 
0.052, 0.158, 0.024, 0.11, 0.12, 0.022, 0.487, 0.027, 
0.421, 0.028, 0.001, 0.06, 0.473, 0.017, 0.0, 0.0, 
0.106, 0.077, 0.016, 0.01, 0.152, 0.032, 0.582, 0.025, 
0.569, 0.004, 0.085, 0.038, 0.182, 0.005, 0.018, 0.099, 
0.106, 0.03, 0.084, 0.098, 0.035, 0.57, 0.038, 0.039, 
0.018, 0.018, 0.423, 0.073, 0.342, 0.022, 0.064, 0.04, 
0.055, 0.478, 0.008, 0.019, 0.005, 0.346, 0.017, 0.072, 
0.083, 0.147, 0.08, 0.02, 0.06, 0.027, 0.156, 0.427, 
0.024, 0.012, 0.149, 0.072, 0.004, 0.733, 0.003, 0.003, 
0.029, 0.044, 0.061, 0.081, 0.09, 0.243, 0.401, 0.051, 
0.271, 0.043, 0.009, 0.596, 0.064, 0.005, 0.008, 0.004, 
0.054, 0.089, 0.073, 0.047, 0.014, 0.035, 0.193, 0.495, 
0.257, 0.097, 0.005, 0.024, 0.07, 0.012, 0.04, 0.495, 
0.006, 0.014, 0.433, 0.011, 0.388, 0.058, 0.023, 0.067, 
0.012, 0.011, 0.609, 0.009, 0.01, 0.044, 0.295, 0.01, 
0.05, 0.006, 0.302, 0.011, 0.008, 0.241, 0.373, 0.009, 
0.034, 0.011, 0.42, 0.518, 0.017, 0.0, 0.0, 0.0, 
0.026, 0.013, 0.009, 0.015, 0.361, 0.031, 0.536, 0.009, 
0.045, 0.086, 0.031, 0.345, 0.008, 0.474, 0.011, 0.0, 
0.487, 0.057, 0.264, 0.034, 0.092, 0.02, 0.046, 0.0, 
0.036, 0.022, 0.062, 0.449, 0.012, 0.007, 0.073, 0.339, 
0.542, 0.015, 0.018, 0.288, 0.08, 0.026, 0.026, 0.005, 
0.484, 0.27, 0.021, 0.018, 0.036, 0.147, 0.024, 0.0, 
0.013, 0.037, 0.617, 0.176, 0.157, 0.0, 0.0, 0.0, 
0.017, 0.114, 0.205, 0.005, 0.464, 0.044, 0.13, 0.021, 
0.072, 0.015, 0.577, 0.032, 0.2, 0.013, 0.058, 0.033, 
0.572, 0.197, 0.046, 0.023, 0.038, 0.12, 0.004, 0.0, 
0.318, 0.053, 0.268, 0.186, 0.175, 0.0, 0.0, 0.0, 
0.036, 0.025, 0.028, 0.512, 0.147, 0.045, 0.052, 0.155, 
0.133, 0.246, 0.015, 0.048, 0.027, 0.466, 0.019, 0.046, 
0.013, 0.498, 0.052, 0.016, 0.02, 0.401, 0.0, 0.0, 
0.009, 0.022, 0.018, 0.276, 0.32, 0.098, 0.029, 0.228, 
0.01, 0.507, 0.177, 0.064, 0.242, 0.0, 0.0, 0.0, 
0.012, 0.474, 0.011, 0.183, 0.071, 0.003, 0.116, 0.13, 
0.026, 0.027, 0.108, 0.032, 0.007, 0.731, 0.058, 0.011, 
0.16, 0.125, 0.147, 0.014, 0.377, 0.024, 0.016, 0.137, 
0.062, 0.298, 0.044, 0.089, 0.204, 0.046, 0.257, 0.0, 
0.061, 0.424, 0.031, 0.016, 0.124, 0.018, 0.319, 0.007, 
0.095, 0.059, 0.007, 0.123, 0.014, 0.614, 0.049, 0.039, 
0.033, 0.02, 0.206, 0.088, 0.04, 0.474, 0.112, 0.027, 
0.039, 0.005, 0.018, 0.664, 0.003, 0.26, 0.011, 0.0, 
0.167, 0.084, 0.626, 0.043, 0.021, 0.045, 0.014, 0.0, 
0.106, 0.059, 0.174, 0.039, 0.151, 0.021, 0.308, 0.142, 
0.031, 0.72, 0.009, 0.035, 0.111, 0.094, 0.0, 0.0, 
0.015, 0.406, 0.325, 0.008, 0.014, 0.213, 0.019, 0.0, 
0.009, 0.016, 0.493, 0.157, 0.192, 0.008, 0.018, 0.107, 
0.075, 0.219, 0.61, 0.015, 0.035, 0.015, 0.016, 0.015, 
0.135, 0.285, 0.447, 0.018, 0.088, 0.006, 0.008, 0.013, 
0.013, 0.232, 0.013, 0.148, 0.098, 0.425, 0.038, 0.033, 
0.049, 0.233, 0.185, 0.043, 0.033, 0.046, 0.37, 0.041, 
0.043, 0.513, 0.025, 0.027, 0.066, 0.225, 0.057, 0.044, 
0.021, 0.116, 0.401, 0.03, 0.346, 0.008, 0.018, 0.06, 
0.045, 0.014, 0.059, 0.001, 0.832, 0.012, 0.014, 0.023, 
0.019, 0.329, 0.007, 0.023, 0.192, 0.102, 0.325, 0.003, 
0.032, 0.007, 0.192, 0.073, 0.017, 0.292, 0.387, 0.0, 
0.071, 0.258, 0.237, 0.007, 0.009, 0.248, 0.17, 0.0, 
0.015, 0.601, 0.025, 0.289, 0.016, 0.022, 0.021, 0.011, 
0.079, 0.018, 0.047, 0.028, 0.636, 0.11, 0.082, 0.0, 
0.009, 0.089, 0.03, 0.119, 0.014, 0.098, 0.627, 0.014, 
0.068, 0.381, 0.096, 0.025, 0.201, 0.132, 0.052, 0.045, 
0.12, 0.654, 0.076, 0.095, 0.003, 0.02, 0.016, 0.016, 
0.038, 0.03, 0.013, 0.705, 0.046, 0.024, 0.097, 0.047, 
0.106, 0.172, 0.03, 0.563, 0.031, 0.043, 0.015, 0.04, 
0.516, 0.012, 0.029, 0.014, 0.257, 0.038, 0.028, 0.106, 
0.037, 0.004, 0.011, 0.005, 0.401, 0.01, 0.504, 0.028, 
0.395, 0.023, 0.006, 0.001, 0.567, 0.008, 0.0, 0.0, 
0.141, 0.166, 0.017, 0.017, 0.019, 0.623, 0.005, 0.012, 
0.046, 0.191, 0.02, 0.141, 0.364, 0.139, 0.076, 0.023, 
0.209, 0.088, 0.054, 0.418, 0.015, 0.101, 0.115, 0.0, 
0.029, 0.089, 0.023, 0.014, 0.339, 0.493, 0.013, 0.0, 
0.071, 0.012, 0.653, 0.014, 0.01, 0.017, 0.054, 0.169, 
0.361, 0.017, 0.039, 0.322, 0.076, 0.066, 0.018, 0.101, 
0.175, 0.494, 0.021, 0.057, 0.019, 0.011, 0.192, 0.031, 
0.015, 0.052, 0.399, 0.018, 0.1, 0.401, 0.015, 0.0, 
0.651, 0.027, 0.057, 0.017, 0.019, 0.055, 0.174, 0.0, 
0.009, 0.475, 0.011, 0.281, 0.158, 0.052, 0.007, 0.007, 
0.021, 0.619, 0.284, 0.013, 0.028, 0.019, 0.008, 0.008, 
0.03, 0.039, 0.054, 0.117, 0.26, 0.141, 0.032, 0.327, 
0.245, 0.139, 0.027, 0.095, 0.006, 0.051, 0.013, 0.424, 
0.523, 0.019, 0.323, 0.016, 0.096, 0.014, 0.009, 0.0, 
0.049, 0.01, 0.269, 0.074, 0.031, 0.425, 0.123, 0.019, 
0.011, 0.659, 0.286, 0.017, 0.007, 0.016, 0.004, 0.0, 
0.834, 0.019, 0.024, 0.004, 0.033, 0.011, 0.062, 0.013, 
0.004, 0.456, 0.037, 0.013, 0.348, 0.045, 0.066, 0.031, 
0.084, 0.043, 0.048, 0.406, 0.113, 0.045, 0.179, 0.082, 
0.03, 0.009, 0.421, 0.033, 0.083, 0.251, 0.164, 0.009, 
0.08, 0.009, 0.102, 0.01, 0.673, 0.023, 0.02, 0.083, 
0.083, 0.073, 0.157, 0.112, 0.575, 0.0, 0.0, 0.0, 
0.332, 0.068, 0.199, 0.078, 0.016, 0.238, 0.057, 0.012, 
0.014, 0.218, 0.282, 0.162, 0.02, 0.019, 0.285, 0.0, 
0.046, 0.607, 0.072, 0.028, 0.066, 0.021, 0.083, 0.077, 
0.525, 0.047, 0.135, 0.019, 0.028, 0.01, 0.227, 0.009, 
0.056, 0.02, 0.341, 0.046, 0.169, 0.019, 0.349, 0.0, 
0.014, 0.386, 0.058, 0.107, 0.066, 0.019, 0.35, 0.0, 
0.01, 0.23, 0.016, 0.07, 0.015, 0.568, 0.073, 0.018, 
0.04, 0.028, 0.63, 0.058, 0.004, 0.016, 0.032, 0.192, 
0.387, 0.027, 0.023, 0.484, 0.008, 0.021, 0.05, 0.0, 
0.51, 0.011, 0.287, 0.052, 0.003, 0.119, 0.005, 0.013, 
0.541, 0.05, 0.04, 0.022, 0.298, 0.028, 0.021, 0.0, 
0.032, 0.53, 0.043, 0.014, 0.229, 0.071, 0.039, 0.042, 
0.011, 0.71, 0.023, 0.112, 0.018, 0.081, 0.013, 0.032, 
0.036, 0.28, 0.004, 0.034, 0.263, 0.354, 0.029, 0.0, 
0.005, 0.602, 0.007, 0.018, 0.008, 0.314, 0.046, 0.0, 
0.033, 0.136, 0.009, 0.272, 0.007, 0.017, 0.505, 0.021, 
0.096, 0.008, 0.115, 0.039, 0.676, 0.017, 0.044, 0.005, 
0.025, 0.022, 0.157, 0.067, 0.019, 0.602, 0.045, 0.063, 
0.005, 0.712, 0.029, 0.015, 0.036, 0.188, 0.015, 0.0, 
0.039, 0.003, 0.176, 0.092, 0.068, 0.535, 0.087, 0.0, 
0.363, 0.031, 0.064, 0.044, 0.012, 0.399, 0.015, 0.072, 
0.824, 0.02, 0.027, 0.044, 0.016, 0.061, 0.008, 0.0, 
0.013, 0.543, 0.01, 0.025, 0.409, 0.0, 0.0, 0.0, 
0.144, 0.174, 0.56, 0.023, 0.011, 0.065, 0.012, 0.011, 
0.288, 0.071, 0.168, 0.043, 0.052, 0.301, 0.036, 0.041, 
0.013, 0.595, 0.008, 0.363, 0.012, 0.009, 0.0, 0.0, 
0.019, 0.629, 0.267, 0.01, 0.037, 0.023, 0.015, 0.0, 
0.025, 0.078, 0.394, 0.356, 0.019, 0.077, 0.015, 0.036, 
0.071, 0.094, 0.208, 0.101, 0.493, 0.033, 0.0, 0.0, 
0.016, 0.669, 0.008, 0.009, 0.014, 0.002, 0.242, 0.04, 
0.011, 0.019, 0.032, 0.581, 0.04, 0.248, 0.043, 0.026, 
0.027, 0.009, 0.186, 0.064, 0.005, 0.557, 0.144, 0.008, 
0.009, 0.258, 0.038, 0.185, 0.036, 0.115, 0.359, 0.0, 
0.009, 0.123, 0.051, 0.633, 0.073, 0.016, 0.064, 0.031, 
0.022, 0.136, 0.018, 0.582, 0.041, 0.131, 0.034, 0.036, 
0.015, 0.075, 0.035, 0.174, 0.047, 0.626, 0.028, 0.0, 
0.632, 0.011, 0.025, 0.056, 0.032, 0.008, 0.008, 0.228, 
0.014, 0.005, 0.629, 0.203, 0.031, 0.003, 0.104, 0.011, 
0.008, 0.629, 0.029, 0.061, 0.012, 0.201, 0.022, 0.038, 
0.11, 0.036, 0.439, 0.013, 0.382, 0.02, 0.0, 0.0, 
0.376, 0.04, 0.062, 0.35, 0.087, 0.039, 0.034, 0.012, 
0.507, 0.044, 0.041, 0.022, 0.011, 0.012, 0.348, 0.015, 
0.099, 0.122, 0.057, 0.049, 0.027, 0.616, 0.01, 0.02, 
0.033, 0.703, 0.021, 0.03, 0.029, 0.02, 0.163, 0.001, 
0.066, 0.055, 0.077, 0.112, 0.11, 0.517, 0.063, 0.0, 
0.009, 0.639, 0.014, 0.006, 0.016, 0.023, 0.251, 0.042, 
0.133, 0.506, 0.028, 0.057, 0.023, 0.206, 0.023, 0.024, 
0.275, 0.056, 0.552, 0.028, 0.064, 0.025, 0.0, 0.0, 
0.007, 0.608, 0.027, 0.008, 0.041, 0.043, 0.23, 0.036, 
0.073, 0.013, 0.012, 0.756, 0.034, 0.103, 0.009, 0.0, 
0.016, 0.436, 0.025, 0.007, 0.259, 0.061, 0.168, 0.028, 
0.016, 0.03, 0.372, 0.052, 0.014, 0.457, 0.059, 0.0, 
0.013, 0.038, 0.443, 0.032, 0.055, 0.031, 0.111, 0.277, 
0.179, 0.183, 0.024, 0.121, 0.013, 0.121, 0.359, 0.0, 
0.585, 0.021, 0.276, 0.118, 0.0, 0.0, 0.0, 0.0, 
0.21, 0.02, 0.042, 0.02, 0.611, 0.079, 0.018, 0.0, 
0.016, 0.018, 0.336, 0.145, 0.265, 0.015, 0.007, 0.198, 
0.021, 0.056, 0.038, 0.239, 0.027, 0.619, 0.0, 0.0, 
0.004, 0.749, 0.049, 0.08, 0.016, 0.077, 0.025, 0.0, 
0.043, 0.901, 0.056, 0.0, 0.0, 0.0, 0.0, 0.0, 
0.037, 0.603, 0.051, 0.012, 0.023, 0.094, 0.18, 0.0, 
0.445, 0.047, 0.102, 0.013, 0.004, 0.376, 0.013, 0.0, 
0.273, 0.066, 0.323, 0.024, 0.074, 0.157, 0.083, 0.0, 
0.022, 0.011, 0.291, 0.022, 0.018, 0.613, 0.023, 0.0, 
0.43, 0.013, 0.329, 0.129, 0.011, 0.071, 0.017, 0.0, 
0.029, 0.222, 0.006, 0.028, 0.288, 0.014, 0.394, 0.019, 
0.22, 0.02, 0.026, 0.274, 0.027, 0.433, 0.0, 0.0, 
0.05, 0.494, 0.073, 0.162, 0.018, 0.203, 0.0, 0.0, 
0.028, 0.226, 0.138, 0.023, 0.036, 0.516, 0.033, 0.0, 
0.028, 0.453, 0.016, 0.017, 0.061, 0.425, 0.0, 0.0, 
