0.0312817, 0.798774, 0.106925, 0.0630192, 
0.0305763, 0.708042, 0.123974, 0.137408, 
0.466964, 0.0909073, 0.342382, 0.0997473, 
0.565613, 0.0935785, 0.304472, 0.0363358, 
0.802135, 0.0534115, 0.0329527, 0.111501, 
0.563097, 0.121246, 0.292816, 0.0228409, 
0.541542, 0.112641, 0.292079, 0.0537372, 
0.566594, 0.120631, 0.24142, 0.0713544, 
0.500293, 0.172768, 0.0919393, 0.234999, 
0.530509, 0.10284, 0.256036, 0.110616, 
0.293071, 0.298245, 0.159222, 0.249462, 
0.186322, 0.272564, 0.277638, 0.263475, 
0.187801, 0.24088, 0.284476, 0.286843, 
0.622703, 0.0530613, 0.0082808, 0.315955, 
0.0534161, 0.65262, 0.238767, 0.0551962, 
0.075044, 0.62123, 0.081904, 0.221822, 
0.641909, 0.212286, 0.116618, 0.0291869, 
0.247462, 0.442685, 0.15053, 0.159324, 
0.292002, 0.0216742, 0.536058, 0.150265, 
0.175144, 0.608394, 0.157912, 0.0585501, 
0.249684, 0.516676, 0.216979, 0.0166605, 
0.30892, 0.417257, 0.238604, 0.0352196, 
0.547222, 0.361652, 0.0218141, 0.0693113, 
0.665412, 0.147664, 0.0924397, 0.0944848, 
0.37488, 0.422593, 0.172292, 0.0302349, 
0.337587, 0.0151388, 0.498492, 0.148782, 
0.724671, 0.118859, 0.0539205, 0.10255, 
0.466295, 0.220575, 0.219824, 0.093306, 
0.346518, 0.0740308, 0.501014, 0.0784377, 
0.306727, 0.0395718, 0.48541, 0.168291, 
0.766601, 0.0573998, 0.0777625, 0.0982365, 
0.582971, 0.0280574, 0.223365, 0.165606, 
0.219993, 0.252649, 0.152135, 0.375223, 
0.232999, 0.0604263, 0.353348, 0.353226, 
0.243766, 0.356551, 0.156359, 0.243325, 
0.168781, 0.263166, 0.305919, 0.262134, 
0.661782, 0.0238967, 0.161728, 0.152593, 
0.628287, 0.0382601, 0.205229, 0.128223, 
0.239947, 0.499772, 0.201329, 0.0589516, 
0.659539, 0.0269471, 0.0987074, 0.214807, 
0.236564, 0.524553, 0.120673, 0.11821, 
0.247822, 0.57726, 0.148991, 0.0259265, 
0.23153, 0.444957, 0.1481, 0.175413, 
0.105369, 0.589579, 0.211689, 0.0933642, 
0.0062635, 0.625854, 0.157871, 0.210012, 
0.623075, 0.0043591, 0.220989, 0.151577, 
0.574784, 0.0441722, 0.263565, 0.117479, 
0.787315, 0.0583524, 0.0498193, 0.104513, 
0.636816, 0.0395928, 0.0536676, 0.269924, 
0.627506, 0.0974753, 0.235457, 0.0395621, 
0.227464, 0.449786, 0.148041, 0.174709, 
0.587751, 0.0086626, 0.177747, 0.22584, 
0.753382, 0.0604134, 0.104867, 0.0813373, 
0.280741, 0.327327, 0.156428, 0.235505, 
0.358406, 0.371694, 0.240683, 0.0292164, 
0.0725697, 0.617364, 0.135922, 0.174144, 
0.818155, 0.0845798, 0.0038712, 0.0933938, 
0.542042, 0.0646205, 0.295925, 0.0974122, 
0.428391, 0.157681, 0.103568, 0.310361, 
0.496081, 0.104316, 0.234251, 0.165353, 
0.308114, 0.446068, 0.241473, 0.0043457, 
0.642201, 0.0477229, 0.295181, 0.0148955, 
0.27737, 0.455585, 0.140431, 0.126614, 
0.0756692, 0.645948, 0.0510201, 0.227362, 
0.666195, 0.176647, 0.0909197, 0.0662388, 
0.701978, 0.061379, 0.11683, 0.119813, 
0.431021, 0.286269, 0.202384, 0.0803255, 
0.186592, 0.247448, 0.260881, 0.305079, 
0.243716, 0.418723, 0.0810279, 0.256534, 
0.236166, 0.518231, 0.180564, 0.0650393, 
0.666599, 0.0223917, 0.131238, 0.179771, 
0.239614, 0.456852, 0.11889, 0.184644, 
0.0928953, 0.593882, 0.238459, 0.0747637, 
0.0020025, 0.6273, 0.187681, 0.183016, 
0.0310273, 0.764378, 0.0901078, 0.114487, 
0.495513, 0.0832908, 0.333521, 0.0876757, 
0.667036, 0.0416737, 0.248618, 0.0426727, 
0.613704, 0.2663, 0.0671188, 0.0528766, 
0.206861, 0.531705, 0.183721, 0.0777136, 
0.533114, 0.162331, 0.129812, 0.174743, 
0.319371, 0.514964, 0.0444956, 0.12117, 
0.244447, 0.299319, 0.0681971, 0.388038, 
0.269232, 0.415594, 0.254233, 0.0609404, 
0.0680606, 0.602135, 0.266414, 0.0633903, 
0.489088, 0.40261, 0.0167069, 0.0915954, 
0.121966, 0.575834, 0.167873, 0.134327, 
0.318364, 0.0347874, 0.516152, 0.130697, 
0.31761, 0.0361226, 0.500192, 0.146075, 
0.562368, 0.0987253, 0.251762, 0.0871444, 
0.428182, 0.0401387, 0.46013, 0.0715494, 
0.391101, 0.0563961, 0.480758, 0.0717448, 
0.360147, 0.0725796, 0.495331, 0.0719427, 
0.136585, 0.567485, 0.16418, 0.13175, 
0.339331, 0.0701539, 0.503489, 0.0870253, 
0.328199, 0.0601696, 0.504808, 0.106823, 
0.322871, 0.0495031, 0.504427, 0.1232, 
0.314022, 0.039249, 0.499838, 0.146891, 
0.306642, 0.530074, 0.111811, 0.0514734, 
0.308234, 0.0102247, 0.564763, 0.116778, 
0.17085, 0.591563, 0.115186, 0.122401, 
0.210743, 0.608478, 0.0487928, 0.131986, 
0.551176, 0.087827, 0.289463, 0.0715345, 
0.2936, 0.0416607, 0.462965, 0.201774, 
0.275183, 0.0527973, 0.418563, 0.253457, 
0.239425, 0.60426, 0.156315, 0.0, 
0.0977774, 0.615459, 0.277649, 0.0091154, 
0.574293, 0.130197, 0.277506, 0.0180037, 
0.591887, 0.136963, 0.257587, 0.0135628, 
0.0196226, 0.615833, 0.152479, 0.212065, 
0.0247617, 0.654732, 0.141073, 0.179433, 
0.457785, 0.086553, 0.345828, 0.109835, 
0.279169, 0.655248, 0.0175853, 0.0479974, 
0.178131, 0.622172, 0.13456, 0.0651369, 
0.688996, 0.0388518, 0.183032, 0.0891205, 
0.538547, 0.107938, 0.30992, 0.0435956, 
0.550754, 0.0985865, 0.327285, 0.0233746, 
0.555503, 0.104966, 0.32138, 0.0181514, 
0.560575, 0.129823, 0.300312, 0.0092895, 
0.474065, 0.0752741, 0.366165, 0.0844967, 
0.488718, 0.0812874, 0.421146, 0.0088489, 
0.285434, 0.0139702, 0.576873, 0.123722, 
0.279749, 0.623612, 0.0145426, 0.0820963, 
0.0752683, 0.73551, 0.0532412, 0.135981, 
0.542897, 0.121311, 0.266657, 0.0691359, 
0.46938, 0.0719441, 0.400162, 0.0585139, 
0.0607256, 0.692994, 0.137359, 0.108921, 
0.465963, 0.0689366, 0.392763, 0.0723376, 
0.0821833, 0.658519, 0.204951, 0.0543466, 
0.555839, 0.140581, 0.188643, 0.114937, 
0.704599, 0.0303781, 0.158363, 0.10666, 
0.526092, 0.0748279, 0.316227, 0.0828536, 
0.399666, 0.344019, 0.187081, 0.0692338, 
0.29265, 0.509505, 0.128017, 0.0698282, 
0.465646, 0.0868098, 0.338933, 0.108611, 
0.27417, 0.473663, 0.183299, 0.0688685, 
0.0251521, 0.630783, 0.0392312, 0.304833, 
0.0433461, 0.610726, 0.0254423, 0.320486, 
0.0609507, 0.591189, 0.0664155, 0.281445, 
0.0697264, 0.586088, 0.125074, 0.219111, 
0.0707903, 0.584078, 0.181366, 0.163766, 
0.0597921, 0.58722, 0.216416, 0.136572, 
0.0710527, 0.570561, 0.267565, 0.090821, 
0.590512, 0.206512, 0.118011, 0.0849648, 
0.58788, 0.174195, 0.153851, 0.084074, 
0.587485, 0.13803, 0.170548, 0.103937, 
0.589659, 0.082086, 0.180921, 0.147335, 
0.59661, 0.0257068, 0.173091, 0.204593, 
0.619542, 0.121867, 0.218194, 0.0403964, 
0.667726, 0.044642, 0.236743, 0.0508896, 
0.0442454, 0.543248, 0.0135663, 0.39894, 
0.0663988, 0.537307, 0.0445182, 0.351776, 
0.0836184, 0.532159, 0.0837429, 0.30048, 
0.0924282, 0.529208, 0.131918, 0.246446, 
0.0956512, 0.527032, 0.178554, 0.198763, 
0.0886427, 0.527522, 0.210156, 0.17368, 
0.0736597, 0.52933, 0.225661, 0.171349, 
0.0564554, 0.531776, 0.214091, 0.197678, 
0.046783, 0.534031, 0.182558, 0.236628, 
0.0431569, 0.53592, 0.149165, 0.271758, 
0.0389727, 0.538944, 0.0993639, 0.322719, 
0.031817, 0.542341, 0.0498211, 0.376021, 
0.0266119, 0.544682, 0.0204594, 0.408246, 
0.0281674, 0.54604, 0.0033413, 0.422452, 
0.705451, 0.294549, 0.0, 0.0, 
0.188185, 0.167588, 0.619196, 0.0250321, 
0.142943, 0.245814, 0.593234, 0.0180098, 
0.111831, 0.134881, 0.753289, 0.0, 
0.320797, 0.679203, 0.0, 0.0, 
0.147581, 0.375179, 0.313367, 0.163873, 
0.302357, 0.117935, 0.553578, 0.0261297, 
0.331238, 0.360475, 0.244983, 0.0633031, 
0.227721, 0.54988, 0.158582, 0.0638164, 
0.114303, 0.816693, 0.0690034, 0.0, 
0.0729659, 0.201882, 0.725152, 0.0, 
0.177461, 0.822539, 0.0, 0.0, 
0.148099, 0.398111, 0.237723, 0.216066, 
0.217187, 0.25419, 0.131762, 0.396861, 
0.539053, 0.0859408, 0.375006, 0.0, 
0.615625, 0.384375, 0.0, 0.0, 
0.18317, 0.317361, 0.0710903, 0.428378, 
0.61571, 0.38429, 0.0, 0.0, 
0.18925, 0.329381, 0.0670968, 0.414272, 
0.610446, 0.389554, 0.0, 0.0, 
0.184503, 0.361885, 0.0292286, 0.424383, 
0.134978, 0.13841, 0.388026, 0.338587, 
0.112481, 0.124096, 0.422319, 0.341104, 
0.109653, 0.117347, 0.426413, 0.346587, 
0.136015, 0.134343, 0.385953, 0.34369, 
0.239095, 0.307495, 0.175929, 0.277481, 
0.290811, 0.164988, 0.208994, 0.335207, 
0.28422, 0.171309, 0.213305, 0.331165, 
0.0977813, 0.0937323, 0.482614, 0.325872, 
0.133118, 0.129213, 0.389896, 0.347774, 
0.614368, 0.385632, 0.0, 0.0, 
0.170236, 0.38472, 0.445044, 0.0, 
0.192145, 0.351338, 0.0478206, 0.408696, 
0.261876, 0.347167, 0.100759, 0.290199, 
0.150314, 0.340117, 0.103441, 0.406128, 
0.054474, 0.2203, 0.574421, 0.150806, 
0.0467375, 0.334202, 0.590446, 0.0286145, 
0.0470036, 0.518994, 0.361014, 0.0729884, 
0.135508, 0.528854, 0.174148, 0.16149, 
0.530417, 0.435424, 0.0341588, 0.0, 
0.0476715, 0.578823, 0.259001, 0.114505, 
0.137004, 0.602958, 0.143932, 0.116106, 
0.0407219, 0.558157, 0.337758, 0.0633625, 
0.0370552, 0.585994, 0.281084, 0.0958668, 
0.0795454, 0.593658, 0.234636, 0.0921606, 
0.130733, 0.649051, 0.0924331, 0.127782, 
0.159247, 0.650277, 0.190476, 0.0, 
0.0904376, 0.297675, 0.554523, 0.0573647, 
0.207868, 0.582538, 0.0211968, 0.188397, 
0.0940983, 0.354592, 0.48739, 0.0639193, 
0.114277, 0.394045, 0.414193, 0.0774844, 
0.108601, 0.409984, 0.369793, 0.111621, 
0.232359, 0.334135, 0.344214, 0.0892923, 
0.222257, 0.363775, 0.302531, 0.111437, 
0.216926, 0.469762, 0.166822, 0.14649, 
0.126917, 0.704157, 0.0422369, 0.12669, 
0.157254, 0.558011, 0.181332, 0.103402, 
0.120999, 0.2713, 0.469743, 0.137957, 
0.207355, 0.473601, 0.275882, 0.0431619, 
0.210248, 0.181095, 0.396061, 0.212596, 
0.221196, 0.314198, 0.268301, 0.196305, 
0.154179, 0.401309, 0.274947, 0.169565, 
0.136079, 0.490768, 0.169979, 0.203174, 
0.183185, 0.46478, 0.161462, 0.190573, 
0.241168, 0.261646, 0.320477, 0.176709, 
0.267309, 0.448624, 0.129174, 0.154893, 
0.262223, 0.203817, 0.352235, 0.181725, 
0.304864, 0.185439, 0.30669, 0.203008, 
0.282534, 0.249345, 0.28655, 0.181571, 
0.314158, 0.414887, 0.106419, 0.164536, 
0.21638, 0.264624, 0.322558, 0.196439, 
0.128207, 0.319489, 0.151079, 0.401225, 
0.0800211, 0.330439, 0.159456, 0.430085, 
0.152997, 0.286355, 0.0977603, 0.462888, 
0.0672843, 0.352529, 0.208811, 0.371376, 
0.367056, 0.0187057, 0.26459, 0.349649, 
0.368754, 0.244768, 0.386478, 0.0, 
0.0986202, 0.266981, 0.111651, 0.522747, 
0.343889, 0.0557966, 0.41701, 0.183304, 
0.20293, 0.218583, 0.151983, 0.426503, 
0.173057, 0.315336, 0.167209, 0.344398, 
0.41792, 0.107334, 0.295772, 0.178974, 
0.372089, 0.153251, 0.140914, 0.333747, 
0.0585226, 0.567944, 0.292484, 0.0810486, 
0.231786, 0.236965, 0.395686, 0.135563, 
0.298657, 0.223931, 0.269263, 0.208149, 
0.187836, 0.255129, 0.37492, 0.182116, 
0.290544, 0.221389, 0.185942, 0.302125, 
0.366063, 0.209262, 0.228026, 0.196648, 
0.257869, 0.399852, 0.342279, 0.0, 
0.198896, 0.466739, 0.104066, 0.230298, 
0.179955, 0.517073, 0.0970544, 0.205918, 
0.433909, 0.174633, 0.153889, 0.237569, 
0.161631, 0.491128, 0.0764923, 0.270749, 
0.161239, 0.619225, 0.0976849, 0.121851, 
0.177016, 0.444083, 0.112175, 0.266726, 
0.132243, 0.052544, 0.606097, 0.209116, 
0.164349, 0.606576, 0.0732704, 0.155805, 
0.144418, 0.687434, 0.127232, 0.0409151, 
0.153043, 0.634393, 0.161779, 0.0507838, 
0.128834, 0.233719, 0.215989, 0.421459, 
0.453115, 0.192023, 0.279937, 0.0749252, 
0.0888226, 0.0681001, 0.650153, 0.192924, 
0.729764, 0.0713814, 0.198854, 0.0, 
0.496015, 0.152916, 0.153307, 0.197762, 
0.646974, 0.0208513, 0.243246, 0.0889294, 
0.518304, 0.428037, 0.0507134, 0.0029457, 
0.295198, 0.0892514, 0.410342, 0.205209, 
0.0759118, 0.57345, 0.295607, 0.0550315, 
0.103264, 0.574153, 0.28872, 0.0338635, 
0.0477651, 0.468862, 0.359609, 0.123763, 
0.128834, 0.217797, 0.289792, 0.363576, 
0.116878, 0.636581, 0.179152, 0.0673899, 
0.1146, 0.657756, 0.227644, 0.0, 
0.070051, 0.151732, 0.653753, 0.124464, 
0.0314843, 0.122783, 0.640135, 0.205597, 
0.109619, 0.0886587, 0.629581, 0.172141, 
0.171003, 0.0629335, 0.559633, 0.20643, 
0.177857, 0.0742422, 0.575022, 0.172879, 
0.131487, 0.12446, 0.599692, 0.144362, 
0.215085, 0.0324169, 0.556424, 0.196074, 
0.282239, 0.438429, 0.0653331, 0.213999, 
0.410361, 0.400193, 0.102714, 0.0867323, 
0.550404, 0.302804, 0.0394203, 0.107372, 
0.215055, 0.603788, 0.131333, 0.0498244, 
0.207454, 0.507089, 0.192004, 0.0934533, 
0.510421, 0.351409, 0.0021994, 0.13597, 
0.190897, 0.711545, 0.0849723, 0.0125862, 
0.118507, 0.741162, 0.110089, 0.0302422, 
0.205005, 0.557637, 0.179949, 0.0574089, 
0.16884, 0.694567, 0.0778362, 0.0587567, 
0.234635, 0.614525, 0.0605707, 0.0902691, 
0.298812, 0.483558, 0.21763, 0.0, 
0.306832, 0.460185, 0.180312, 0.0526704, 
0.420085, 0.314968, 0.0873398, 0.177607, 
0.355158, 0.464508, 0.125255, 0.0550787, 
0.159653, 0.1954, 0.353988, 0.290958, 
0.214517, 0.128584, 0.307965, 0.348933, 
0.151401, 0.442877, 0.0249576, 0.380765, 
0.0323333, 0.527663, 0.145886, 0.294117, 
0.636925, 0.081664, 0.0615891, 0.219822, 
0.101797, 0.347314, 0.313644, 0.237245, 
0.135719, 0.347189, 0.345631, 0.17146, 
0.417394, 0.138049, 0.243244, 0.201313, 
0.54356, 0.115062, 0.118048, 0.22333, 
0.454512, 0.234885, 0.125542, 0.185061, 
0.541585, 0.107855, 0.107002, 0.243558, 
0.552002, 0.116937, 0.169906, 0.161155, 
0.382223, 0.321991, 0.144437, 0.151349, 
0.486372, 0.17881, 0.0867964, 0.248022, 
0.0786815, 0.417214, 0.334837, 0.169267, 
0.551374, 0.222952, 0.171953, 0.0537202, 
0.476266, 0.353138, 0.0713273, 0.0992692, 
0.569601, 0.157419, 0.163555, 0.109425, 
0.625099, 0.136494, 0.0784877, 0.159919, 
0.570557, 0.120615, 0.162289, 0.146539, 
0.623301, 0.0927716, 0.117934, 0.165994, 
0.113191, 0.152522, 0.403537, 0.330751, 
0.22843, 0.310126, 0.162901, 0.298542, 
0.159246, 0.489129, 0.351624, 0.0, 
0.161426, 0.367894, 0.362053, 0.108628, 
0.154741, 0.275337, 0.36746, 0.202462, 
0.103584, 0.236182, 0.38808, 0.272154, 
0.315985, 0.260611, 0.244552, 0.178853, 
0.191742, 0.151904, 0.52206, 0.134294, 
0.383984, 0.303604, 0.215215, 0.0971975, 
0.489399, 0.318008, 0.125231, 0.0673619, 
0.221538, 0.267108, 0.427943, 0.0834114, 
0.256299, 0.185399, 0.419649, 0.138653, 
0.135004, 0.242602, 0.484981, 0.137413, 
0.0934473, 0.342376, 0.341697, 0.22248, 
0.27042, 0.0163063, 0.35242, 0.360853, 
0.297916, 0.100812, 0.329672, 0.2716, 
0.255701, 0.129412, 0.36733, 0.247556, 
0.234087, 0.0119885, 0.42368, 0.330244, 
0.087164, 0.0498373, 0.392969, 0.47003, 
0.203344, 0.344788, 0.405654, 0.0462142, 
0.173248, 0.369547, 0.340645, 0.11656, 
0.246792, 0.272363, 0.314541, 0.166304, 
0.26295, 0.227878, 0.256322, 0.252851, 
0.288436, 0.243363, 0.169823, 0.298377, 
0.316483, 0.282018, 0.186277, 0.215223, 
0.311163, 0.259412, 0.207791, 0.221634, 
0.284705, 0.358227, 0.206306, 0.150762, 
0.342985, 0.165443, 0.280816, 0.210756, 
0.273431, 0.284685, 0.249579, 0.192304, 
0.367368, 0.354554, 0.0942025, 0.183876, 
0.1804, 0.605721, 0.0113875, 0.202492, 
0.202075, 0.335775, 0.274306, 0.187844, 
0.0564164, 0.48529, 0.324045, 0.134248, 
0.149025, 0.5815, 0.254018, 0.0154579, 
0.237569, 0.172341, 0.265991, 0.324098, 
0.205887, 0.175397, 0.284251, 0.334464, 
0.127513, 0.197546, 0.565804, 0.109137, 
0.07427, 0.199522, 0.56962, 0.156588, 
0.0561628, 0.163743, 0.596732, 0.183362, 
0.101251, 0.160607, 0.615244, 0.122898, 
0.246709, 0.175335, 0.460958, 0.116998, 
0.182891, 0.190032, 0.525011, 0.102065, 
0.155906, 0.169875, 0.561121, 0.113098, 
0.206905, 0.126444, 0.530882, 0.135769, 
0.31336, 0.124013, 0.413784, 0.148843, 
0.339416, 0.374331, 0.0587654, 0.227488, 
0.170915, 0.156508, 0.124281, 0.548296, 
0.217388, 0.273873, 0.087374, 0.421365, 
0.191099, 0.0454073, 0.533503, 0.22999, 
0.170015, 0.07587, 0.382804, 0.371311, 
0.094445, 0.195336, 0.483594, 0.226624, 
0.266018, 0.208541, 0.41845, 0.106992, 
0.1822, 0.325823, 0.403681, 0.0882968, 
0.17242, 0.0593104, 0.0631934, 0.705076, 
0.148672, 0.53271, 0.20689, 0.111728, 
0.352927, 0.209929, 0.245228, 0.191916, 
0.11409, 0.154833, 0.528864, 0.202213, 
0.115653, 0.169546, 0.415159, 0.299642, 
0.288573, 0.360464, 0.224632, 0.126331, 
0.148146, 0.198245, 0.546284, 0.107325, 
0.321954, 0.181389, 0.319504, 0.177153, 
0.317271, 0.318849, 0.112103, 0.251777, 
0.338753, 0.0867788, 0.278044, 0.296424, 
0.34033, 0.0531766, 0.310491, 0.296003, 
0.312394, 0.0730166, 0.43974, 0.174849, 
0.252489, 0.181126, 0.393284, 0.173102, 
0.233725, 0.280064, 0.429186, 0.0570253, 
0.117069, 0.138865, 0.262242, 0.481824, 
0.0210601, 0.355973, 0.440559, 0.182408, 
0.319197, 0.141656, 0.326619, 0.212528, 
0.230224, 0.221948, 0.426532, 0.121296, 
0.081271, 0.442851, 0.275554, 0.200324, 
0.198852, 0.399145, 0.28745, 0.114553, 
0.190886, 0.299292, 0.287445, 0.222377, 
0.0693992, 0.570858, 0.278616, 0.0811274, 
0.186914, 0.485026, 0.0713222, 0.256738, 
0.22793, 0.449144, 0.136748, 0.186177, 
0.26309, 0.428723, 0.15077, 0.157418, 
0.260369, 0.35236, 0.149482, 0.237789, 
0.142929, 0.285965, 0.266724, 0.304382, 
0.103874, 0.381016, 0.264277, 0.250833, 
0.189582, 0.22313, 0.356039, 0.231249, 
0.210604, 0.160032, 0.345467, 0.283896, 
0.29772, 0.177208, 0.256688, 0.268384, 
0.274739, 0.0683982, 0.360664, 0.296199, 
0.20224, 0.239557, 0.558203, 0.0, 
0.217219, 0.250117, 0.17495, 0.357714, 
0.141705, 0.227965, 0.290528, 0.339803, 
0.236632, 0.236313, 0.187316, 0.339739, 
0.140428, 0.335589, 0.490638, 0.0333449, 
0.155515, 0.227083, 0.373437, 0.243965, 
0.0837295, 0.369881, 0.109068, 0.437321, 
0.247475, 0.309409, 0.270422, 0.172694, 
0.214121, 0.134306, 0.467855, 0.183718, 
0.086343, 0.558484, 0.12864, 0.226533, 
0.174538, 0.483307, 0.0968006, 0.245355, 
0.285661, 0.0840049, 0.146491, 0.483843, 
0.0828631, 0.353862, 0.0714254, 0.491849, 
0.088225, 0.129962, 0.339445, 0.442368, 
0.205719, 0.43728, 0.0915224, 0.265478, 
0.155251, 0.136854, 0.619429, 0.0884656, 
0.0304254, 0.204604, 0.0621113, 0.70286, 
0.0338812, 0.120086, 0.25366, 0.592373, 
0.445776, 0.283349, 0.197963, 0.0729132, 
0.0771052, 0.367959, 0.302589, 0.252347, 
0.442638, 0.133505, 0.186222, 0.237635, 
0.347305, 0.417441, 0.101506, 0.133747, 
0.528669, 0.213215, 0.0877166, 0.1704, 
0.622411, 0.120432, 0.167185, 0.0899718, 
0.253232, 0.159312, 0.447074, 0.140382, 
0.315522, 0.159547, 0.376956, 0.147975, 
0.148252, 0.238698, 0.296018, 0.317033, 
0.197621, 0.420328, 0.26369, 0.118361, 
0.142356, 0.573684, 0.177706, 0.106254, 
0.111333, 0.148802, 0.503618, 0.236248, 
0.671114, 0.0331664, 0.225419, 0.0703002, 
0.0625255, 0.503635, 0.157163, 0.276677, 
0.515815, 0.282104, 0.19433, 0.0077517, 
0.539358, 0.181359, 0.152805, 0.126479, 
0.629428, 0.104009, 0.142928, 0.123635, 
0.669089, 0.148263, 0.144832, 0.037816, 
0.613067, 0.0702097, 0.0666718, 0.250052, 
0.636989, 0.0706938, 0.167795, 0.124522, 
0.0959837, 0.37485, 0.29881, 0.230357, 
0.593534, 0.103231, 0.0438486, 0.259387, 
0.406502, 0.238711, 0.259493, 0.0952938, 
0.287166, 0.21979, 0.42607, 0.0669744, 
0.122483, 0.23387, 0.371104, 0.272543, 
0.23905, 0.170469, 0.452265, 0.138216, 
0.284183, 0.333755, 0.136629, 0.245433, 
0.289801, 0.302301, 0.0951541, 0.312744, 
0.162178, 0.399095, 0.359375, 0.079351, 
0.125679, 0.445008, 0.194409, 0.234904, 
0.123808, 0.3681, 0.480582, 0.0275098, 
0.117926, 0.417632, 0.0990317, 0.365411, 
0.0972041, 0.406358, 0.391869, 0.104569, 
0.129101, 0.193114, 0.257483, 0.420302, 
0.128971, 0.187286, 0.265024, 0.41872, 
0.221853, 0.213382, 0.42483, 0.139935, 
0.228628, 0.203986, 0.422171, 0.145214, 
0.127269, 0.181866, 0.270888, 0.419976, 
0.214806, 0.222183, 0.428879, 0.134132, 
0.212045, 0.223886, 0.391088, 0.172981, 
0.218877, 0.214526, 0.38959, 0.177007, 
0.290776, 0.386095, 0.124095, 0.199034, 
0.203214, 0.225123, 0.232147, 0.339516, 
0.198535, 0.225087, 0.230267, 0.34611, 
0.176452, 0.248055, 0.369433, 0.20606, 
0.224926, 0.229288, 0.225542, 0.320245, 
0.197402, 0.228873, 0.224719, 0.349006, 
0.182348, 0.241593, 0.364648, 0.211411, 
0.187114, 0.2323, 0.339108, 0.241478, 
0.181471, 0.238758, 0.341449, 0.238322, 
0.264046, 0.245301, 0.210865, 0.279789, 
0.165363, 0.275454, 0.449283, 0.1099, 
0.179166, 0.222053, 0.235244, 0.363537, 
0.15376, 0.278461, 0.483579, 0.0842007, 
0.192709, 0.264059, 0.350951, 0.192281, 
0.180634, 0.250127, 0.372017, 0.197222, 
0.192762, 0.237427, 0.35288, 0.21693, 
0.189693, 0.243845, 0.388421, 0.17804, 
0.193035, 0.244645, 0.409335, 0.152984, 
0.203551, 0.233841, 0.397647, 0.164961, 
0.201527, 0.232147, 0.370066, 0.19626, 
0.211452, 0.220772, 0.359171, 0.208605, 
0.204966, 0.224385, 0.335044, 0.235604, 
0.215447, 0.212009, 0.323891, 0.248653, 
0.18408, 0.242632, 0.342849, 0.230438, 
0.197318, 0.228875, 0.320215, 0.253592, 
0.190579, 0.231587, 0.313808, 0.264026, 
0.202152, 0.219698, 0.293369, 0.28478, 
0.174333, 0.221892, 0.233745, 0.37003, 
0.173762, 0.22613, 0.227935, 0.372173, 
0.192457, 0.263802, 0.351646, 0.192094, 
0.18851, 0.24506, 0.219206, 0.347223, 
0.190711, 0.239638, 0.216469, 0.353182, 
0.189147, 0.228811, 0.221118, 0.360924, 
0.188129, 0.250765, 0.209788, 0.351318, 
0.174346, 0.244539, 0.212068, 0.369046, 
0.158878, 0.223382, 0.224476, 0.393264, 
0.176776, 0.223413, 0.223261, 0.376551, 
0.147417, 0.192548, 0.254503, 0.405532, 
0.119613, 0.187924, 0.259528, 0.432935, 
0.133612, 0.191107, 0.262261, 0.41302, 
0.165708, 0.197418, 0.255851, 0.381023, 
0.194136, 0.26805, 0.337745, 0.200069, 
0.135506, 0.20656, 0.255252, 0.402683, 
0.140395, 0.206419, 0.258575, 0.394611, 
0.165396, 0.205512, 0.256784, 0.372308, 
0.191849, 0.208634, 0.251305, 0.348213, 
0.197717, 0.216631, 0.224086, 0.361566, 
0.171337, 0.207598, 0.234549, 0.386516, 
0.164875, 0.199502, 0.242672, 0.392951, 
0.193335, 0.209127, 0.231972, 0.365566, 
0.151333, 0.203793, 0.240475, 0.404399, 
0.144302, 0.195711, 0.248712, 0.411275, 
0.168887, 0.196575, 0.247922, 0.386616, 
0.18884, 0.20121, 0.239666, 0.370283, 
0.13652, 0.218567, 0.233925, 0.410988, 
0.154512, 0.231634, 0.222421, 0.391433, 
0.146887, 0.24239, 0.214995, 0.395728, 
0.111296, 0.220532, 0.23071, 0.437462, 
0.162759, 0.253158, 0.205402, 0.378681, 
0.1625, 0.27078, 0.191968, 0.374752, 
0.142885, 0.258427, 0.201727, 0.396961, 
0.109876, 0.170885, 0.280856, 0.438383, 
0.191398, 0.263523, 0.369584, 0.175495, 
0.198022, 0.25578, 0.405229, 0.140969, 
0.21261, 0.25655, 0.325388, 0.205453, 
0.111655, 0.167692, 0.287159, 0.433494, 
0.114742, 0.164233, 0.294058, 0.426967, 
0.175945, 0.230576, 0.223297, 0.370181, 
0.1596, 0.212001, 0.232075, 0.396325, 
0.172573, 0.225119, 0.230454, 0.371854, 
0.125748, 0.195522, 0.250991, 0.427739, 
0.17867, 0.196508, 0.2514, 0.373423, 
0.202574, 0.202983, 0.241652, 0.352791, 
0.20958, 0.210047, 0.244958, 0.335415, 
0.231019, 0.215433, 0.234653, 0.318895, 
0.177899, 0.230607, 0.320035, 0.271459, 
0.21428, 0.209345, 0.228595, 0.34778, 
0.163042, 0.251052, 0.35348, 0.232426, 
0.175869, 0.232923, 0.309157, 0.282051, 
0.174856, 0.242739, 0.307324, 0.275081, 
0.182707, 0.227444, 0.280659, 0.30919, 
0.212118, 0.373926, 0.158459, 0.255497, 
0.179055, 0.233097, 0.358179, 0.229669, 
0.217172, 0.216831, 0.221459, 0.344538, 
0.181746, 0.226241, 0.327542, 0.264471, 
0.270818, 0.299015, 0.161649, 0.268517, 
0.382526, 0.418846, 0.198628, 0.0, 
0.365313, 0.418467, 0.21622, 0.0, 
0.397565, 0.420895, 0.18154, 0.0, 
0.37591, 0.419928, 0.204162, 0.0, 
0.394734, 0.424498, 0.180768, 0.0, 
0.380364, 0.425789, 0.193847, 0.0, 
0.243767, 0.316822, 0.297074, 0.142337, 
0.287663, 0.25099, 0.191665, 0.269681, 
0.26869, 0.318599, 0.165443, 0.247268, 
0.362444, 0.0931898, 0.544366, 0.0, 
0.198979, 0.211047, 0.281191, 0.308784, 
0.204035, 0.205455, 0.280814, 0.309697, 
0.271053, 0.316783, 0.162387, 0.249777, 
0.230433, 0.310143, 0.182879, 0.276545, 
0.207682, 0.202008, 0.290409, 0.299901, 
0.216434, 0.378284, 0.131961, 0.273321, 
0.27354, 0.31914, 0.160139, 0.247182, 
0.208043, 0.201479, 0.283008, 0.307471, 
0.252074, 0.302944, 0.141411, 0.303571, 
0.364932, 0.0939586, 0.541109, 0.0, 
0.191952, 0.226363, 0.340238, 0.241446, 
0.198671, 0.215818, 0.311664, 0.273847, 
0.194269, 0.220914, 0.309732, 0.275085, 
0.189641, 0.22694, 0.355568, 0.227851, 
0.197208, 0.216339, 0.32271, 0.263743, 
0.21266, 0.375526, 0.137931, 0.273883, 
0.217717, 0.37492, 0.121863, 0.2855, 
0.211978, 0.377264, 0.152473, 0.258285, 
0.212839, 0.371972, 0.143571, 0.271618, 
0.213033, 0.370244, 0.127786, 0.288937, 
0.188911, 0.223717, 0.341597, 0.245776, 
0.181362, 0.234513, 0.374647, 0.209479, 
0.185907, 0.219515, 0.224105, 0.370473, 
0.198843, 0.228704, 0.216518, 0.355934, 
0.186652, 0.235472, 0.368075, 0.209801, 
0.272486, 0.245526, 0.203646, 0.278342, 
0.262381, 0.241964, 0.204297, 0.291358, 
0.23833, 0.32167, 0.297951, 0.142049, 
0.277883, 0.251653, 0.197518, 0.272946, 
0.239677, 0.324069, 0.296867, 0.139387, 
0.212282, 0.207065, 0.281386, 0.299267, 
0.408836, 0.432582, 0.158583, 0.0, 
0.223357, 0.19047, 0.271192, 0.314982, 
0.21045, 0.214191, 0.300972, 0.274387, 
0.221834, 0.200525, 0.287899, 0.289742, 
0.28237, 0.369897, 0.134419, 0.213314, 
0.25019, 0.292361, 0.16809, 0.289359, 
0.225623, 0.199516, 0.314288, 0.260573, 
0.23579, 0.186251, 0.30474, 0.273219, 
0.409951, 0.445496, 0.144553, 0.0, 
0.239153, 0.177076, 0.282691, 0.301081, 
0.230491, 0.18886, 0.286478, 0.29417, 
0.23445, 0.177953, 0.270205, 0.317391, 
0.203163, 0.227462, 0.242351, 0.327024, 
0.226544, 0.229838, 0.23602, 0.307598, 
0.194136, 0.236469, 0.240473, 0.328922, 
0.186406, 0.259286, 0.395512, 0.158796, 
0.229235, 0.247337, 0.224697, 0.298732, 
0.259978, 0.255383, 0.213712, 0.270927, 
0.2015, 0.25158, 0.447732, 0.099188, 
0.210137, 0.24078, 0.433749, 0.115334, 
0.202664, 0.244751, 0.406917, 0.145667, 
0.191834, 0.258587, 0.421605, 0.127973, 
0.212228, 0.23568, 0.438037, 0.114055, 
0.220431, 0.228196, 0.362362, 0.18901, 
0.220105, 0.223952, 0.327354, 0.228589, 
0.205002, 0.239199, 0.359272, 0.196527, 
0.17221, 0.208688, 0.277771, 0.341331, 
0.17317, 0.209181, 0.274357, 0.343293, 
0.155928, 0.184547, 0.288378, 0.371146, 
0.153661, 0.182779, 0.292449, 0.37111, 
0.173742, 0.208169, 0.273405, 0.344684, 
0.157415, 0.185015, 0.286077, 0.371493, 
0.153996, 0.219623, 0.249177, 0.377204, 
0.168074, 0.243779, 0.230446, 0.357701, 
0.166946, 0.243671, 0.23108, 0.358303, 
0.15195, 0.218677, 0.250001, 0.379372, 
0.176707, 0.262203, 0.213855, 0.347235, 
0.179339, 0.267711, 0.209785, 0.343166, 
0.181272, 0.273164, 0.206038, 0.339527, 
0.166596, 0.245518, 0.230092, 0.357794, 
0.149977, 0.219161, 0.249652, 0.381211, 
0.301405, 0.247301, 0.193583, 0.257711, 
0.185518, 0.192317, 0.292611, 0.329554, 
0.355676, 0.104463, 0.539861, 0.0, 
0.194348, 0.186593, 0.290606, 0.328454, 
0.229993, 0.300873, 0.195548, 0.273585, 
0.235147, 0.296908, 0.199798, 0.268147, 
0.235236, 0.294715, 0.19661, 0.273439, 
0.352981, 0.073068, 0.573951, 0.0, 
0.352511, 0.413708, 0.23378, 0.0, 
0.363673, 0.0699884, 0.566339, 0.0, 
0.232766, 0.306917, 0.187822, 0.272494, 
0.233709, 0.308265, 0.190234, 0.267792, 
0.234419, 0.307433, 0.188588, 0.26956, 
0.18395, 0.239673, 0.294407, 0.28197, 
0.188193, 0.231849, 0.28671, 0.293248, 
0.235261, 0.308733, 0.188818, 0.267189, 
0.186841, 0.244295, 0.28949, 0.279374, 
0.18431, 0.244894, 0.292416, 0.27838, 
0.18357, 0.2799, 0.204445, 0.332085, 
0.182339, 0.277334, 0.204023, 0.336304, 
0.195728, 0.303985, 0.180551, 0.319736, 
0.196774, 0.30889, 0.179149, 0.315188, 
0.194101, 0.296844, 0.184596, 0.324458, 
0.202521, 0.317546, 0.164233, 0.3157, 
0.204263, 0.327834, 0.158043, 0.30986, 
0.205972, 0.334432, 0.156014, 0.303582, 
0.194834, 0.312762, 0.152692, 0.339713, 
0.184601, 0.471648, 0.151266, 0.192485, 
0.18341, 0.301085, 0.337578, 0.177927, 
0.192684, 0.308768, 0.321341, 0.177207, 
0.19259, 0.37013, 0.123788, 0.313493, 
0.188094, 0.375267, 0.110956, 0.325683, 
0.173816, 0.284025, 0.167436, 0.374723, 
0.187154, 0.291946, 0.329769, 0.191132, 
0.195791, 0.29815, 0.314093, 0.191967, 
0.372787, 0.0746168, 0.552596, 0.0, 
0.191815, 0.21116, 0.296689, 0.300335, 
0.188879, 0.205425, 0.296967, 0.308729, 
0.223786, 0.182264, 0.227734, 0.366216, 
0.234623, 0.303016, 0.20231, 0.260051, 
0.234978, 0.300037, 0.201336, 0.263649, 
0.214973, 0.393399, 0.292859, 0.0987698, 
0.204058, 0.330242, 0.139704, 0.325996, 
0.205065, 0.30792, 0.297554, 0.189461, 
0.21272, 0.316321, 0.284526, 0.186433, 
0.228742, 0.403293, 0.269506, 0.0984585, 
0.217123, 0.3596, 0.117637, 0.305641, 
0.18112, 0.325628, 0.291967, 0.201285, 
0.174846, 0.308339, 0.296709, 0.220106, 
0.285558, 0.169856, 0.226462, 0.318124, 
0.187498, 0.329576, 0.284337, 0.198589, 
0.180791, 0.307032, 0.290676, 0.221501, 
0.175739, 0.28756, 0.294303, 0.242398, 
0.230405, 0.311045, 0.174525, 0.284025, 
0.227161, 0.308914, 0.178949, 0.284976, 
0.189095, 0.265456, 0.295426, 0.250023, 
0.284902, 0.292354, 0.259773, 0.16297, 
0.288284, 0.290759, 0.257955, 0.163002, 
0.188058, 0.2666, 0.295856, 0.249485, 
0.188789, 0.248455, 0.293755, 0.269, 
0.186027, 0.243894, 0.294868, 0.275212, 
0.305646, 0.297603, 0.240877, 0.155874, 
0.186065, 0.274546, 0.295878, 0.243511, 
0.195754, 0.265731, 0.29324, 0.245275, 
0.190994, 0.271202, 0.294544, 0.243261, 
0.191079, 0.275955, 0.294401, 0.238565, 
0.197087, 0.27077, 0.292053, 0.24009, 
0.190609, 0.282662, 0.293928, 0.232801, 
0.253845, 0.306569, 0.170532, 0.269054, 
0.198772, 0.287504, 0.287924, 0.2258, 
0.137222, 0.132241, 0.389488, 0.34105, 
0.133559, 0.130589, 0.394986, 0.340866, 
0.124582, 0.127177, 0.408152, 0.340089, 
0.145629, 0.134294, 0.377457, 0.34262, 
0.137921, 0.131697, 0.388708, 0.341674, 
0.148359, 0.136556, 0.373263, 0.341822, 
0.147549, 0.135198, 0.374487, 0.342767, 
0.141629, 0.133892, 0.383075, 0.341404, 
0.138863, 0.133929, 0.386908, 0.3403, 
0.233508, 0.277079, 0.261287, 0.228126, 
0.225382, 0.277655, 0.273031, 0.223933, 
0.216978, 0.277087, 0.288674, 0.217261, 
0.224746, 0.271141, 0.2769, 0.227213, 
0.22051, 0.275795, 0.279208, 0.224487, 
0.211777, 0.277201, 0.295358, 0.215664, 
0.201795, 0.275936, 0.31297, 0.209298, 
0.207869, 0.27225, 0.304884, 0.214997, 
0.212151, 0.260043, 0.297467, 0.230339, 
0.276854, 0.26754, 0.276484, 0.179122, 
0.282553, 0.171802, 0.222406, 0.323239, 
0.161392, 0.295945, 0.310473, 0.23219, 
0.184995, 0.0900299, 0.436853, 0.288122, 
0.239012, 0.27962, 0.250424, 0.230945, 
0.233172, 0.27801, 0.258621, 0.230197, 
0.243591, 0.281501, 0.242067, 0.232841, 
0.240842, 0.280699, 0.245068, 0.233391, 
0.23836, 0.279252, 0.247368, 0.23502, 
0.22886, 0.275857, 0.263794, 0.231489, 
0.212486, 0.197659, 0.278333, 0.311522, 
0.218414, 0.198185, 0.269711, 0.31369, 
0.218221, 0.193312, 0.270309, 0.318158, 
0.215365, 0.192522, 0.274359, 0.317753, 
0.228885, 0.195688, 0.254635, 0.320792, 
0.227161, 0.190603, 0.257406, 0.324829, 
0.224472, 0.187485, 0.261719, 0.326324, 
0.188538, 0.187893, 0.321562, 0.302007, 
0.188238, 0.178596, 0.321191, 0.311975, 
0.18663, 0.175327, 0.322302, 0.315742, 
0.184862, 0.183562, 0.325306, 0.30627, 
0.186553, 0.17198, 0.323072, 0.318395, 
0.186799, 0.167372, 0.321638, 0.324191, 
0.182367, 0.160592, 0.326485, 0.330556, 
0.182335, 0.168997, 0.326983, 0.321686, 
0.179051, 0.177017, 0.332346, 0.311586, 
0.155835, 0.144571, 0.365137, 0.334457, 
0.155451, 0.140926, 0.364534, 0.339089, 
0.160053, 0.141219, 0.357894, 0.340835, 
0.161176, 0.144269, 0.35744, 0.337114, 
0.152785, 0.137782, 0.367682, 0.341751, 
0.156879, 0.138289, 0.361788, 0.343044, 
0.159014, 0.138778, 0.358561, 0.343647, 
0.164168, 0.141741, 0.351895, 0.342196, 
0.1664, 0.145257, 0.349795, 0.338548, 
0.149504, 0.135542, 0.372043, 0.342912, 
0.153274, 0.137153, 0.366685, 0.342889, 
0.153157, 0.136665, 0.366733, 0.343444, 
0.152681, 0.136745, 0.367277, 0.343296, 
0.155046, 0.13743, 0.36396, 0.343564, 
0.163656, 0.140524, 0.351854, 0.343965, 
0.167947, 0.143265, 0.346352, 0.342436, 
0.166105, 0.14256, 0.34824, 0.343096, 
0.171301, 0.145381, 0.341377, 0.34194, 
0.1761, 0.150052, 0.33553, 0.338318, 
0.171243, 0.14726, 0.342687, 0.338809, 
0.154475, 0.138407, 0.364514, 0.342603, 
0.159015, 0.138825, 0.358284, 0.343877, 
0.157391, 0.139804, 0.360419, 0.342386, 
0.161262, 0.140873, 0.354931, 0.342934, 
0.167386, 0.145617, 0.346196, 0.340801, 
0.173788, 0.148843, 0.337599, 0.339769, 
0.166937, 0.150614, 0.346731, 0.335718, 
0.175076, 0.154724, 0.335724, 0.334477, 
0.179985, 0.154012, 0.329828, 0.336175, 
0.161543, 0.143378, 0.354306, 0.340774, 
0.155906, 0.141608, 0.362297, 0.340189, 
0.152045, 0.145312, 0.367839, 0.334804, 
0.159259, 0.147749, 0.357484, 0.335508, 
0.142059, 0.156445, 0.382987, 0.318509, 
0.133754, 0.152349, 0.394771, 0.319127, 
0.221909, 0.297523, 0.263372, 0.217196, 
0.142775, 0.161618, 0.381192, 0.314415, 
0.215099, 0.289425, 0.269743, 0.225733, 
0.213423, 0.307117, 0.268126, 0.211334, 
0.127447, 0.146774, 0.401414, 0.324364, 
0.13882, 0.156085, 0.384939, 0.320157, 
0.14823, 0.165294, 0.371926, 0.314551, 
0.207159, 0.301907, 0.272925, 0.218008, 
0.111589, 0.142155, 0.426039, 0.320218, 
0.201028, 0.295519, 0.277449, 0.226004, 
0.196133, 0.308721, 0.279348, 0.215798, 
0.197557, 0.334299, 0.277456, 0.190689, 
0.312765, 0.281829, 0.239496, 0.16591, 
0.306334, 0.27941, 0.244683, 0.169573, 
0.30989, 0.280426, 0.244067, 0.165617, 
0.31841, 0.282686, 0.237706, 0.161199, 
0.298277, 0.275611, 0.259468, 0.166644, 
0.165665, 0.244602, 0.304503, 0.28523, 
0.168193, 0.268904, 0.300263, 0.26264, 
0.169226, 0.244526, 0.29885, 0.287397, 
0.173288, 0.267455, 0.295059, 0.264198, 
0.173993, 0.244892, 0.293444, 0.287671, 
0.240517, 0.29376, 0.203735, 0.261988, 
0.240726, 0.291715, 0.201201, 0.266359, 
0.24036, 0.292319, 0.196267, 0.271054, 
0.324317, 0.403759, 0.271924, 0.0, 
0.212259, 0.366865, 0.11438, 0.306496, 
0.211821, 0.362112, 0.119927, 0.30614, 
0.320959, 0.407317, 0.271724, 0.0, 
0.218526, 0.372791, 0.108208, 0.300475, 
0.212985, 0.365528, 0.134132, 0.287355, 
0.212699, 0.360906, 0.140101, 0.286294, 
0.212598, 0.367434, 0.150447, 0.269521, 
0.212287, 0.362725, 0.157004, 0.267983, 
0.303301, 0.055855, 0.217225, 0.423619, 
0.406025, 0.414579, 0.179396, 0.0, 
0.365824, 0.311733, 0.196778, 0.125666, 
0.272216, 0.287381, 0.282166, 0.158238, 
0.184808, 0.264315, 0.286222, 0.264655, 
0.179139, 0.266281, 0.29003, 0.26455, 
0.181965, 0.284769, 0.288976, 0.24429, 
0.149804, 0.139697, 0.371047, 0.339452, 
0.14395, 0.142901, 0.379525, 0.333624, 
0.142631, 0.137323, 0.381362, 0.338684, 
0.132534, 0.139126, 0.396133, 0.332207, 
0.136689, 0.135297, 0.390087, 0.337927, 
0.203084, 0.289361, 0.28373, 0.223825, 
0.203234, 0.286536, 0.277968, 0.232262, 
0.196442, 0.292472, 0.280491, 0.230596, 
0.193976, 0.290773, 0.281632, 0.23362, 
0.203322, 0.283412, 0.279507, 0.233759, 
0.199064, 0.284825, 0.281826, 0.234285, 
0.274568, 0.295123, 0.273498, 0.156811, 
0.192578, 0.276286, 0.283247, 0.247889, 
0.118232, 0.137335, 0.417392, 0.327041, 
0.200491, 0.285942, 0.283675, 0.229892, 
0.195376, 0.28598, 0.287243, 0.231402, 
0.365017, 0.0778447, 0.557139, 0.0, 
0.232787, 0.312377, 0.182958, 0.271877, 
0.190493, 0.244218, 0.283724, 0.281564, 
0.189502, 0.243397, 0.286247, 0.280855, 
0.329531, 0.410415, 0.260054, 0.0, 
0.240043, 0.319127, 0.158574, 0.282256, 
0.186828, 0.259241, 0.291215, 0.262717, 
0.285123, 0.28758, 0.265092, 0.162205, 
0.188346, 0.274604, 0.291745, 0.245304, 
0.186943, 0.272097, 0.294639, 0.246321, 
0.274982, 0.291983, 0.272807, 0.160228, 
0.192618, 0.280896, 0.289429, 0.237056, 
0.191722, 0.283266, 0.291397, 0.233616, 
0.191146, 0.281649, 0.293199, 0.234007, 
0.190053, 0.256579, 0.287713, 0.265656, 
0.191302, 0.257235, 0.285223, 0.26624, 
0.189082, 0.262461, 0.284411, 0.264046, 
0.188116, 0.299566, 0.284842, 0.227475, 
0.208279, 0.285495, 0.275812, 0.230415, 
0.213172, 0.282811, 0.274139, 0.229879, 
0.218212, 0.278282, 0.272122, 0.231384, 
0.146335, 0.150619, 0.376602, 0.326444, 
0.166596, 0.17983, 0.347411, 0.306163, 
0.160564, 0.173093, 0.357054, 0.30929, 
0.151609, 0.167532, 0.369104, 0.311754, 
0.157033, 0.173355, 0.36017, 0.309441, 
0.159461, 0.165453, 0.35881, 0.316276, 
0.150352, 0.160804, 0.371393, 0.317451, 
0.184571, 0.194925, 0.32432, 0.296183, 
0.178132, 0.185826, 0.333794, 0.302248, 
0.16964, 0.178739, 0.344929, 0.306692, 
0.175794, 0.186668, 0.335302, 0.302236, 
0.169841, 0.170594, 0.344576, 0.314989, 
0.154115, 0.153911, 0.365513, 0.326461, 
0.162815, 0.157932, 0.353301, 0.325952, 
0.173248, 0.162765, 0.338899, 0.325088, 
0.191613, 0.204304, 0.318316, 0.285767, 
0.188981, 0.197509, 0.321602, 0.291908, 
0.185049, 0.192656, 0.325441, 0.296854, 
0.190497, 0.201836, 0.318076, 0.289592, 
0.200774, 0.255675, 0.316748, 0.226803, 
0.194528, 0.241885, 0.325142, 0.238445, 
0.205165, 0.241316, 0.306797, 0.246722, 
0.190949, 0.232334, 0.225626, 0.351091, 
0.18181, 0.220933, 0.232224, 0.365033, 
0.174268, 0.225432, 0.354313, 0.245986, 
0.185663, 0.224203, 0.336444, 0.25369, 
0.197046, 0.22227, 0.316832, 0.263852, 
0.192243, 0.331949, 0.150672, 0.325136, 
0.187666, 0.236124, 0.222751, 0.353459, 
0.198311, 0.265408, 0.320709, 0.215572, 
0.191812, 0.270049, 0.329635, 0.208505, 
0.157528, 0.238873, 0.225355, 0.378245, 
0.288222, 0.134887, 0.464474, 0.112417, 
0.181774, 0.358584, 0.134593, 0.325049, 
0.154315, 0.433075, 0.0284466, 0.384163, 
0.303339, 0.115473, 0.437343, 0.143845, 
0.178842, 0.363576, 0.121567, 0.336014, 
0.189873, 0.286714, 0.191845, 0.331567, 
0.182175, 0.271655, 0.204316, 0.341854, 
0.187642, 0.284822, 0.188661, 0.338875, 
0.198064, 0.303498, 0.174513, 0.323926, 
0.157405, 0.228235, 0.239996, 0.374364, 
0.158314, 0.233284, 0.233587, 0.374815, 
0.171493, 0.259912, 0.2092, 0.359395, 
0.172489, 0.25565, 0.216266, 0.355595, 
0.181913, 0.282617, 0.185693, 0.349777, 
0.188633, 0.296074, 0.171487, 0.343806, 
0.195245, 0.304278, 0.166524, 0.333952, 
0.208617, 0.336711, 0.143896, 0.310776, 
0.203293, 0.319546, 0.156115, 0.321046, 
0.156005, 0.223229, 0.24544, 0.375326, 
0.170731, 0.248925, 0.224633, 0.355711, 
0.171443, 0.249574, 0.214865, 0.364117, 
0.16545, 0.253513, 0.205793, 0.375244, 
0.116992, 0.168581, 0.280382, 0.434045, 
0.177958, 0.278722, 0.187563, 0.355757, 
0.18888, 0.250274, 0.428617, 0.132228, 
0.20031, 0.239563, 0.427449, 0.132678, 
0.216003, 0.221646, 0.465077, 0.0972738, 
0.2091, 0.229647, 0.42709, 0.134164, 
0.133868, 0.19505, 0.264366, 0.406716, 
0.136774, 0.195089, 0.265271, 0.402866, 
0.1311, 0.195111, 0.264119, 0.409669, 
0.139947, 0.198636, 0.262616, 0.3988, 
0.142232, 0.203565, 0.257868, 0.396336, 
0.251098, 0.179186, 0.481897, 0.0878188, 
0.143917, 0.208875, 0.252049, 0.395159, 
0.20919, 0.32678, 0.130704, 0.333326, 
0.276505, 0.145499, 0.449866, 0.128131, 
0.262255, 0.164432, 0.469554, 0.103759, 
0.246485, 0.182183, 0.447663, 0.123669, 
0.171078, 0.350397, 0.132762, 0.345763, 
0.156931, 0.43159, 0.411479, 0.0, 
0.175933, 0.348062, 0.131363, 0.344642, 
0.162881, 0.428947, 0.408172, 0.0, 
0.188628, 0.277332, 0.329676, 0.204364, 
0.169817, 0.433562, 0.396621, 0.0, 
0.152217, 0.321862, 0.14958, 0.376341, 
0.164194, 0.335775, 0.141512, 0.35852, 
0.294328, 0.124813, 0.410722, 0.170137, 
0.27735, 0.142315, 0.397163, 0.183172, 
0.183194, 0.260679, 0.193984, 0.362144, 
0.184064, 0.340981, 0.139196, 0.335758, 
0.195753, 0.276147, 0.320475, 0.207625, 
0.150937, 0.206187, 0.233677, 0.409199, 
0.180514, 0.320022, 0.159445, 0.340019, 
0.172326, 0.32933, 0.147601, 0.350743, 
0.16013, 0.316391, 0.153853, 0.369626, 
0.160844, 0.146843, 0.359586, 0.332728, 
0.153757, 0.14736, 0.36983, 0.329053, 
0.167524, 0.149533, 0.349747, 0.333196, 
0.168776, 0.155227, 0.34995, 0.326046, 
0.158247, 0.151971, 0.365318, 0.324464, 
0.400459, 0.396444, 0.118341, 0.0847559, 
0.139862, 0.187109, 0.397895, 0.275134, 
0.148318, 0.184045, 0.385657, 0.281979, 
0.153816, 0.205985, 0.381601, 0.258597, 
0.288378, 0.139316, 0.286901, 0.285405, 
0.161823, 0.183641, 0.365784, 0.288751, 
0.165385, 0.204973, 0.364252, 0.265391, 
0.159717, 0.204014, 0.238259, 0.39801, 
0.173347, 0.152953, 0.34121, 0.33249, 
0.179166, 0.156635, 0.332696, 0.331503, 
0.180603, 0.164835, 0.332354, 0.322207, 
0.175532, 0.160086, 0.339935, 0.324448, 
0.183705, 0.161175, 0.326003, 0.329117, 
0.18533, 0.169006, 0.32517, 0.320493, 
0.186868, 0.178031, 0.32413, 0.310971, 
0.182373, 0.174414, 0.331502, 0.311711, 
0.188833, 0.189355, 0.322728, 0.299084, 
0.1851, 0.188299, 0.32972, 0.296882, 
0.176234, 0.169803, 0.341065, 0.312898, 
0.166447, 0.165102, 0.355754, 0.312696, 
0.176092, 0.185618, 0.344193, 0.294096, 
0.329619, 0.365449, 0.197749, 0.107183, 
0.321731, 0.363449, 0.210234, 0.104586, 
0.147194, 0.136892, 0.375722, 0.340192, 
0.143293, 0.133734, 0.381082, 0.341891, 
0.141112, 0.13534, 0.384627, 0.338921, 
0.258467, 0.306872, 0.168084, 0.266577, 
0.150277, 0.146014, 0.372988, 0.330721, 
0.149734, 0.140897, 0.372702, 0.336666, 
0.278982, 0.324078, 0.253158, 0.143782, 
