0.416874, 0.175507, 0.30339, 0.104229, 
0.248994, 0.25095, 0.303889, 0.196167, 
0.107858, 0.226446, 0.395998, 0.269698, 
0.138815, 0.371323, 0.265806, 0.224055, 
0.209485, 0.292248, 0.236363, 0.261904, 
0.145169, 0.245209, 0.322903, 0.286718, 
0.196558, 0.279558, 0.282187, 0.241697, 
0.395085, 0.166389, 0.198732, 0.239794, 
0.222016, 0.0316423, 0.447722, 0.29862, 
0.313877, 0.156622, 0.359772, 0.169729, 
0.216814, 0.0758031, 0.424117, 0.283266, 
0.362731, 0.171394, 0.131369, 0.334506, 
0.170739, 0.236602, 0.341699, 0.25096, 
0.125352, 0.304438, 0.265493, 0.304717, 
0.19248, 0.385599, 0.0718033, 0.350118, 
0.10104, 0.47547, 0.334746, 0.0887436, 
0.386587, 0.29443, 0.145107, 0.173876, 
0.511473, 0.23701, 0.251517, 0.0, 
0.322554, 0.185428, 0.241659, 0.250359, 
0.211214, 0.205825, 0.310982, 0.271979, 
0.434323, 0.251888, 0.201065, 0.112724, 
0.268008, 0.139657, 0.233572, 0.358762, 
0.337255, 0.245786, 0.270298, 0.146661, 
0.480384, 0.14876, 0.291428, 0.0794287, 
0.233871, 0.295291, 0.248229, 0.22261, 
0.329624, 0.236582, 0.216577, 0.217217, 
0.251165, 0.249674, 0.115196, 0.383965, 
0.26512, 0.255579, 0.10835, 0.370952, 
0.244564, 0.19058, 0.310959, 0.253897, 
0.557234, 0.209353, 0.206157, 0.0272562, 
0.163257, 0.179628, 0.323099, 0.334016, 
0.213785, 0.104367, 0.367443, 0.314406, 
0.349789, 0.278303, 0.371908, 0.0, 
0.291456, 0.175869, 0.116892, 0.415783, 
0.262159, 0.218482, 0.187033, 0.332325, 
0.26066, 0.217116, 0.214165, 0.308059, 
0.309504, 0.228826, 0.323467, 0.138203, 
0.449913, 0.203045, 0.24328, 0.103762, 
0.301336, 0.235503, 0.0819527, 0.381209, 
0.343312, 0.184306, 0.0989767, 0.373405, 
0.279566, 0.197341, 0.340408, 0.182684, 
0.378389, 0.184681, 0.23662, 0.20031, 
0.38184, 0.350003, 0.258317, 0.0098401, 
0.354641, 0.224401, 0.267371, 0.153586, 
0.377945, 0.238678, 0.112581, 0.270796, 
0.305642, 0.251518, 0.151612, 0.291227, 
0.310238, 0.2623, 0.15084, 0.276622, 
0.247006, 0.2152, 0.423454, 0.11434, 
0.339166, 0.292074, 0.130039, 0.238721, 
0.124181, 0.295805, 0.172895, 0.407119, 
0.266904, 0.167832, 0.382117, 0.183147, 
0.246057, 0.217242, 0.351103, 0.185598, 
0.32799, 0.195819, 0.0294772, 0.446713, 
0.329187, 0.185445, 0.0858695, 0.399499, 
0.31588, 0.17307, 0.150027, 0.361023, 
0.115509, 0.412387, 0.293263, 0.178841, 
0.137145, 0.309043, 0.400643, 0.15317, 
0.254827, 0.183745, 0.212156, 0.349272, 
0.192634, 0.186375, 0.263837, 0.357153, 
0.198865, 0.314119, 0.212542, 0.274474, 
0.248471, 0.363761, 0.112609, 0.275159, 
0.306024, 0.450299, 0.0884263, 0.155251, 
0.185046, 0.270334, 0.393807, 0.150812, 
0.253299, 0.330225, 0.271858, 0.144618, 
0.218893, 0.219972, 0.291769, 0.269366, 
0.191299, 0.397592, 0.230822, 0.180287, 
0.384319, 0.162374, 0.123289, 0.330018, 
0.291004, 0.309376, 0.182307, 0.217314, 
0.284559, 0.315153, 0.171243, 0.229045, 
0.305755, 0.262656, 0.226947, 0.204643, 
0.24024, 0.22866, 0.250383, 0.280717, 
0.237229, 0.23379, 0.26192, 0.267062, 
0.313736, 0.22574, 0.179922, 0.280601, 
0.215249, 0.218333, 0.288696, 0.277722, 
0.27646, 0.234523, 0.227723, 0.261294, 
0.336968, 0.201478, 0.0729502, 0.388605, 
0.229619, 0.210658, 0.12644, 0.433283, 
0.225714, 0.195496, 0.0837645, 0.495025, 
0.354517, 0.128825, 0.100896, 0.415762, 
0.263734, 0.225814, 0.207208, 0.303244, 
0.278693, 0.307801, 0.121254, 0.292252, 
0.279746, 0.252539, 0.202905, 0.26481, 
0.276326, 0.23862, 0.190616, 0.294438, 
0.264486, 0.233018, 0.214062, 0.288434, 
0.273419, 0.290841, 0.15436, 0.28138, 
0.316359, 0.208078, 0.232043, 0.24352, 
0.283802, 0.306043, 0.214822, 0.195333, 
0.267339, 0.250298, 0.268055, 0.214307, 
0.324619, 0.281575, 0.183662, 0.210143, 
0.258697, 0.284189, 0.288032, 0.169082, 
0.526289, 0.0797781, 0.159198, 0.234735, 
0.207361, 0.196551, 0.29227, 0.303818, 
0.251336, 0.200546, 0.229698, 0.318419, 
0.393548, 0.150384, 0.198747, 0.257321, 
0.251606, 0.333731, 0.271495, 0.143168, 
0.270616, 0.258183, 0.155386, 0.315816, 
0.27684, 0.226696, 0.241938, 0.254525, 
0.272173, 0.143388, 0.372061, 0.212379, 
0.262344, 0.242371, 0.268082, 0.227202, 
0.346922, 0.157813, 0.104197, 0.391068, 
0.29325, 0.163626, 0.203865, 0.339259, 
0.231191, 0.129657, 0.304993, 0.334159, 
0.236408, 0.307113, 0.156287, 0.300193, 
0.13009, 0.461726, 0.229181, 0.179003, 
0.279909, 0.222682, 0.251776, 0.245633, 
0.106675, 0.217545, 0.456171, 0.219609, 
0.320041, 0.307665, 0.175947, 0.196347, 
0.241413, 0.277581, 0.233793, 0.247213, 
0.221954, 0.297974, 0.2266, 0.253472, 
0.258269, 0.266421, 0.235419, 0.239892, 
0.215672, 0.334953, 0.142095, 0.307279, 
0.449051, 0.193558, 0.267216, 0.0901741, 
0.14636, 0.406444, 0.125418, 0.321778, 
0.255748, 0.108054, 0.325437, 0.31076, 
0.290539, 0.191829, 0.115336, 0.402296, 
0.146272, 0.43302, 0.293623, 0.127086, 
0.418098, 0.400852, 0.18105, 0.0, 
0.441237, 0.416745, 0.142018, 0.0, 
0.231167, 0.454394, 0.134248, 0.180192, 
0.257723, 0.400296, 0.120476, 0.221505, 
0.246364, 0.332498, 0.180506, 0.240632, 
0.187033, 0.152474, 0.465298, 0.195196, 
0.213061, 0.299698, 0.242727, 0.244514, 
0.144799, 0.281173, 0.574028, 0.0, 
0.524048, 0.0628344, 0.200586, 0.212532, 
0.243138, 0.270907, 0.245142, 0.240813, 
0.263455, 0.347024, 0.227396, 0.162125, 
0.17981, 0.218027, 0.269001, 0.333163, 
0.320227, 0.30142, 0.378352, 0.0, 
0.213774, 0.369574, 0.213137, 0.203515, 
0.258707, 0.338517, 0.313402, 0.0893736, 
0.294044, 0.22584, 0.163177, 0.316938, 
0.306986, 0.192025, 0.346789, 0.1542, 
0.337172, 0.205791, 0.235664, 0.221372, 
0.349878, 0.22882, 0.212118, 0.209184, 
0.283483, 0.248925, 0.300126, 0.167466, 
0.272713, 0.268421, 0.165914, 0.292952, 
0.137721, 0.308507, 0.0507734, 0.502998, 
0.0744374, 0.407568, 0.517995, 0.0, 
0.136905, 0.505762, 0.357333, 0.0, 
0.11225, 0.377234, 0.19527, 0.315247, 
0.279917, 0.253952, 0.158468, 0.307663, 
0.185222, 0.341965, 0.120744, 0.352069, 
0.262863, 0.227868, 0.20963, 0.299639, 
0.130587, 0.327151, 0.211128, 0.331134, 
0.146181, 0.684115, 0.169704, 0.0, 
0.398448, 0.183427, 0.418125, 0.0, 
0.251445, 0.24871, 0.248875, 0.25097, 
0.354737, 0.270759, 0.125498, 0.249005, 
0.10108, 0.379879, 0.443049, 0.0759907, 
0.483919, 0.36668, 0.0211745, 0.128227, 
0.294828, 0.142675, 0.454657, 0.107841, 
0.63051, 0.140155, 0.182618, 0.0467172, 
0.277744, 0.506551, 0.215705, 0.0, 
0.381428, 0.518204, 0.100368, 0.0, 
0.45159, 0.194901, 0.179858, 0.173651, 
0.173497, 0.341303, 0.160429, 0.324771, 
0.320331, 0.209901, 0.158604, 0.311165, 
0.217463, 0.331509, 0.191842, 0.259186, 
0.266814, 0.285696, 0.224056, 0.223433, 
0.363959, 0.134997, 0.219533, 0.281511, 
0.35501, 0.213045, 0.170772, 0.261173, 
0.338446, 0.219951, 0.212482, 0.229121, 
0.550039, 0.168496, 0.209911, 0.0715543, 
0.280574, 0.210883, 0.201147, 0.307397, 
0.265745, 0.210333, 0.143026, 0.380897, 
0.266395, 0.198647, 0.276667, 0.258291, 
0.205876, 0.506853, 0.287272, 0.0, 
0.359667, 0.640333, 0.0, 0.0, 
0.267553, 0.224839, 0.190979, 0.316628, 
0.0931481, 0.276962, 0.267027, 0.362863, 
0.127967, 0.217449, 0.156331, 0.498252, 
0.113148, 0.346521, 0.192497, 0.347834, 
0.167295, 0.175689, 0.330283, 0.326733, 
0.0823618, 0.570777, 0.0997928, 0.247068, 
0.0817193, 0.650921, 0.0593534, 0.208006, 
0.266073, 0.0658132, 0.498571, 0.169543, 
0.145787, 0.261439, 0.196283, 0.396491, 
0.139575, 0.192522, 0.31441, 0.353493, 
0.110151, 0.204267, 0.22582, 0.459761, 
0.434197, 0.311169, 0.138589, 0.116045, 
0.432897, 0.155232, 0.162541, 0.249331, 
0.111995, 0.110152, 0.0538118, 0.72404, 
0.0266222, 0.287033, 0.245472, 0.440874, 
0.0344565, 0.109292, 0.714002, 0.142249, 
0.0320553, 0.103192, 0.208896, 0.655857, 
0.0087682, 0.116851, 0.183686, 0.690695, 
0.233006, 0.180694, 0.5863, 0.0, 
0.30867, 0.160395, 0.253154, 0.27778, 
0.199688, 0.311419, 0.196367, 0.292526, 
0.301647, 0.240824, 0.213103, 0.244426, 
0.297839, 0.162641, 0.322935, 0.216585, 
0.31939, 0.202256, 0.260524, 0.217831, 
0.282696, 0.152486, 0.0426127, 0.522205, 
0.0769467, 0.222199, 0.3018, 0.399055, 
0.463352, 0.226673, 0.18892, 0.121055, 
0.0365234, 0.248887, 0.305874, 0.408715, 
0.252454, 0.128883, 0.365611, 0.253053, 
0.395606, 0.443732, 0.160662, 0.0, 
0.36107, 0.3054, 0.178411, 0.155119, 
0.219301, 0.19364, 0.164482, 0.422577, 
0.120632, 0.16979, 0.252212, 0.457366, 
0.24526, 0.143425, 0.232615, 0.3787, 
0.149358, 0.629471, 0.221171, 0.0, 
0.0196804, 0.249425, 0.730894, 0.0, 
0.0841568, 0.160673, 0.75517, 0.0, 
0.0771786, 0.278863, 0.481742, 0.162216, 
0.322692, 0.198652, 0.478656, 0.0, 
0.239426, 0.0078576, 0.607981, 0.144735, 
0.13736, 0.378165, 0.172971, 0.311505, 
0.0358627, 0.362549, 0.548736, 0.0528523, 
0.0774858, 0.427162, 0.340889, 0.154463, 
0.126033, 0.31832, 0.399284, 0.156363, 
0.172394, 0.517735, 0.309871, 0.0, 
0.358067, 0.15968, 0.250439, 0.231815, 
0.38951, 0.21094, 0.188684, 0.210867, 
0.342212, 0.311715, 0.306974, 0.0390999, 
0.258756, 0.209684, 0.374813, 0.156746, 
0.214607, 0.371084, 0.199389, 0.21492, 
0.169248, 0.250656, 0.365549, 0.214547, 
0.0414004, 0.14385, 0.660395, 0.154355, 
0.142654, 0.458591, 0.151108, 0.247647, 
0.19404, 0.3618, 0.336808, 0.107352, 
0.0276216, 0.353293, 0.619085, 0.0, 
0.207773, 0.314656, 0.477571, 0.0, 
0.0729045, 0.140089, 0.202834, 0.584172, 
0.022523, 0.0719056, 0.408064, 0.497507, 
0.341841, 0.23596, 0.408714, 0.0134849, 
0.225228, 0.252528, 0.299407, 0.222837, 
0.216165, 0.385977, 0.243905, 0.153953, 
0.221092, 0.25053, 0.261666, 0.266712, 
0.260045, 0.303399, 0.309581, 0.126975, 
0.361486, 0.209197, 0.290945, 0.138372, 
0.323638, 0.132295, 0.317804, 0.226263, 
0.251608, 0.391728, 0.320151, 0.036513, 
0.151795, 0.286199, 0.255901, 0.306105, 
0.179455, 0.0929956, 0.355433, 0.372117, 
0.219734, 0.246514, 0.290013, 0.243739, 
0.389273, 0.177043, 0.210055, 0.223629, 
0.244905, 0.144803, 0.385636, 0.224655, 
0.328888, 0.22538, 0.0946726, 0.35106, 
0.317902, 0.242609, 0.147676, 0.291813, 
0.355462, 0.235811, 0.241875, 0.166853, 
0.341921, 0.144713, 0.445868, 0.0674984, 
0.339602, 0.165947, 0.494451, 0.0, 
0.23669, 0.281844, 0.284844, 0.196622, 
0.0644763, 0.150876, 0.269106, 0.515542, 
0.349623, 0.194346, 0.329102, 0.126928, 
0.29811, 0.337522, 0.275975, 0.088393, 
0.300523, 0.0579298, 0.304955, 0.336593, 
0.178582, 0.277262, 0.242994, 0.301162, 
0.178511, 0.0543618, 0.767127, 0.0, 
0.370367, 0.194794, 0.122658, 0.312181, 
0.527073, 0.290788, 0.0034065, 0.178733, 
0.228997, 0.0173527, 0.340899, 0.412751, 
0.374318, 0.219599, 0.125477, 0.280606, 
0.223477, 0.302339, 0.352134, 0.12205, 
0.0652256, 0.248483, 0.412907, 0.273384, 
0.300976, 0.202491, 0.327161, 0.169372, 
0.339875, 0.222165, 0.141741, 0.296219, 
0.203543, 0.312376, 0.378943, 0.105138, 
0.222349, 0.0813058, 0.278388, 0.417958, 
0.389352, 0.185479, 0.234778, 0.190391, 
0.353588, 0.203125, 0.30089, 0.142397, 
0.228634, 0.114657, 0.278467, 0.378242, 
0.200408, 0.225363, 0.304427, 0.269802, 
0.409648, 0.140391, 0.449962, 0.0, 
0.347923, 0.149414, 0.33468, 0.167984, 
0.329829, 0.311515, 0.272647, 0.0860097, 
0.141858, 0.289858, 0.145288, 0.422997, 
0.0189164, 0.331542, 0.417757, 0.231784, 
0.240028, 0.167673, 0.285039, 0.30726, 
0.444294, 0.13809, 0.417615, 0.0, 
0.1972, 0.221614, 0.218615, 0.362571, 
0.141518, 0.212215, 0.354537, 0.291731, 
0.188853, 0.369573, 0.132347, 0.309226, 
0.19862, 0.331136, 0.197141, 0.273104, 
0.302825, 0.196921, 0.178633, 0.32162, 
0.306701, 0.265372, 0.221047, 0.20688, 
0.328084, 0.0516938, 0.295954, 0.324269, 
0.390186, 0.260286, 0.0374977, 0.312031, 
0.338936, 0.219642, 0.155643, 0.285779, 
0.387137, 0.128959, 0.157586, 0.326318, 
0.397234, 0.170607, 0.192215, 0.239944, 
0.46878, 0.127927, 0.319744, 0.0835499, 
0.547483, 0.311307, 0.0909121, 0.0502971, 
0.317279, 0.240691, 0.173233, 0.268798, 
0.275138, 0.275828, 0.223492, 0.225541, 
0.300854, 0.277466, 0.155703, 0.265977, 
0.333195, 0.328338, 0.112357, 0.22611, 
0.1936, 0.170202, 0.27801, 0.358188, 
0.386539, 0.289563, 0.0696087, 0.254289, 
0.365754, 0.273016, 0.112425, 0.248805, 
0.162914, 0.240535, 0.166868, 0.429682, 
0.199667, 0.217788, 0.257296, 0.325248, 
0.0571185, 0.343391, 0.210715, 0.388775, 
0.0978266, 0.289955, 0.110783, 0.501436, 
0.479559, 0.359367, 0.161074, 0.0, 
0.253931, 0.0407698, 0.429105, 0.276194, 
0.62105, 0.37895, 0.0, 0.0, 
0.199418, 0.118684, 0.223226, 0.458672, 
0.0666259, 0.159908, 0.157235, 0.616231, 
0.329469, 0.459508, 0.211023, 0.0, 
0.244447, 0.349673, 0.17987, 0.22601, 
0.157262, 0.322723, 0.520016, 0.0, 
0.119238, 0.337987, 0.0454063, 0.497369, 
0.216285, 0.169053, 0.259654, 0.355008, 
0.231038, 0.343717, 0.425246, 0.0, 
0.193798, 0.553157, 0.253045, 0.0, 
0.110282, 0.210771, 0.423127, 0.25582, 
0.275419, 0.301105, 0.239253, 0.184223, 
0.262741, 0.281723, 0.254159, 0.201377, 
0.409816, 0.289542, 0.196598, 0.104044, 
0.276134, 0.285114, 0.173236, 0.265516, 
0.295141, 0.33973, 0.200053, 0.165076, 
0.372368, 0.213558, 0.414074, 0.0, 
0.333805, 0.364752, 0.115277, 0.186166, 
0.266315, 0.221658, 0.150031, 0.361996, 
0.598559, 0.30641, 0.0950312, 0.0, 
0.237636, 0.141085, 0.353755, 0.267524, 
0.506061, 0.190282, 0.137895, 0.165762, 
0.247706, 0.265468, 0.222375, 0.26445, 
0.289267, 0.316288, 0.218899, 0.175545, 
0.286583, 0.288485, 0.162221, 0.262712, 
0.293579, 0.333381, 0.207985, 0.165055, 
0.30687, 0.307157, 0.127635, 0.258338, 
0.266535, 0.227403, 0.111768, 0.394294, 
0.49081, 0.33603, 0.17316, 0.0, 
0.379722, 0.224605, 0.23352, 0.162153, 
0.322402, 0.209664, 0.0353619, 0.432572, 
0.172047, 0.299991, 0.291529, 0.236433, 
0.185815, 0.312516, 0.254242, 0.247426, 
0.189903, 0.356247, 0.19702, 0.25683, 
0.146012, 0.329244, 0.151185, 0.373559, 
0.419062, 0.0952247, 0.188665, 0.297048, 
0.231482, 0.335182, 0.234903, 0.198433, 
0.389921, 0.30069, 0.287023, 0.0223654, 
0.204975, 0.18695, 0.279195, 0.32888, 
0.239098, 0.205077, 0.328216, 0.227608, 
0.201564, 0.206245, 0.238269, 0.353922, 
0.193011, 0.183466, 0.296874, 0.326649, 
0.303615, 0.254774, 0.179129, 0.262482, 
0.233355, 0.354379, 0.125732, 0.286535, 
0.252342, 0.231067, 0.224916, 0.291675, 
0.149058, 0.408782, 0.0346155, 0.407545, 
0.150791, 0.418945, 0.0016281, 0.428636, 
0.15399, 0.200277, 0.315593, 0.33014, 
0.45779, 0.25613, 0.065923, 0.220157, 
0.3319, 0.258725, 0.241672, 0.167703, 
0.325299, 0.245939, 0.228907, 0.199855, 
0.25553, 0.29309, 0.424647, 0.026732, 
0.334116, 0.27572, 0.202745, 0.187419, 
0.289232, 0.275532, 0.233379, 0.201857, 
0.269164, 0.230892, 0.288726, 0.211218, 
0.309076, 0.334579, 0.304373, 0.051972, 
0.321617, 0.304191, 0.240037, 0.134155, 
0.260886, 0.249097, 0.293194, 0.196822, 
0.274582, 0.225866, 0.275684, 0.223868, 
0.293247, 0.160273, 0.229811, 0.316669, 
0.20029, 0.156365, 0.142102, 0.501243, 
0.183256, 0.345264, 0.191612, 0.279868, 
0.209517, 0.210651, 0.238167, 0.341665, 
0.138454, 0.326487, 0.124908, 0.410152, 
0.402707, 0.292091, 0.166867, 0.138335, 
0.0356924, 0.205739, 0.357608, 0.400961, 
0.372387, 0.0662856, 0.328714, 0.232613, 
0.0187611, 0.435736, 0.164739, 0.380764, 
0.322002, 0.282839, 0.134063, 0.261096, 
0.426827, 0.0886538, 0.187929, 0.296591, 
0.414228, 0.145836, 0.203203, 0.236733, 
0.185159, 0.541621, 0.0846884, 0.188532, 
0.348947, 0.290233, 0.217453, 0.143367, 
0.191945, 0.558118, 0.111442, 0.138495, 
0.214367, 0.318937, 0.227535, 0.239161, 
0.418327, 0.261638, 0.174175, 0.14586, 
0.0788442, 0.475865, 0.29863, 0.146661, 
0.0609385, 0.351961, 0.118697, 0.468404, 
0.116544, 0.453596, 0.192537, 0.237323, 
0.293334, 0.310094, 0.285133, 0.111439, 
0.203214, 0.136596, 0.299292, 0.360898, 
0.163342, 0.228422, 0.329209, 0.279028, 
0.190716, 0.443575, 0.223799, 0.14191, 
0.148318, 0.36067, 0.282532, 0.20848, 
0.305967, 0.513871, 0.180162, 0.0, 
0.0835014, 0.439265, 0.275016, 0.202217, 
0.316903, 0.30991, 0.373187, 0.0, 
0.0466794, 0.112978, 0.384979, 0.455363, 
0.438523, 0.15185, 0.200134, 0.209493, 
0.545308, 0.154057, 0.300635, 0.0, 
0.125257, 0.383713, 0.189196, 0.301833, 
0.474615, 0.0933063, 0.204542, 0.227536, 
0.402014, 0.235021, 0.222628, 0.140338, 
0.306972, 0.421776, 0.271252, 0.0, 
0.10825, 0.344963, 0.367542, 0.179246, 
0.181506, 0.165871, 0.345368, 0.307255, 
0.336493, 0.129135, 0.32024, 0.214132, 
0.191015, 0.0645525, 0.536397, 0.208036, 
0.131406, 0.49931, 0.142501, 0.226783, 
0.188551, 0.171902, 0.229339, 0.410208, 
0.479491, 0.0919571, 0.217022, 0.21153, 
0.478173, 0.125713, 0.125798, 0.270316, 
0.405665, 0.19355, 0.307285, 0.0935003, 
0.457428, 0.236567, 0.28868, 0.0173253, 
0.19282, 0.0374296, 0.446682, 0.323068, 
0.431806, 0.0515847, 0.320842, 0.195767, 
0.471625, 0.246746, 0.281629, 0.0, 
0.0735016, 0.217569, 0.61723, 0.0916987, 
0.359476, 0.22376, 0.254719, 0.162045, 
0.0597758, 0.295696, 0.397819, 0.24671, 
0.359639, 0.294359, 0.163445, 0.182558, 
0.0882524, 0.344589, 0.280254, 0.286904, 
0.473483, 0.526517, 0.0, 0.0, 
0.325384, 0.267569, 0.138275, 0.268772, 
0.305002, 0.298307, 0.168181, 0.22851, 
0.238639, 0.277261, 0.173415, 0.310686, 
0.0874886, 0.373384, 0.2219, 0.317227, 
0.295213, 0.275933, 0.229704, 0.19915, 
0.345289, 0.245937, 0.229205, 0.179569, 
0.304584, 0.251344, 0.231772, 0.212301, 
0.247272, 0.265385, 0.2726, 0.214743, 
0.284066, 0.24902, 0.240361, 0.226553, 
0.167571, 0.32423, 0.236222, 0.271977, 
0.273187, 0.205842, 0.10264, 0.41833, 
0.203051, 0.226964, 0.425141, 0.144844, 
0.282819, 0.19946, 0.167778, 0.349942, 
0.154889, 0.534989, 0.124793, 0.185329, 
0.171831, 0.544392, 0.0467356, 0.237041, 
0.407423, 0.247144, 0.218765, 0.126668, 
0.329319, 0.133193, 0.196353, 0.341135, 
0.254324, 0.254069, 0.250384, 0.241223, 
0.290368, 0.222225, 0.100333, 0.387074, 
0.487735, 0.228173, 0.284092, 0.0, 
0.268269, 0.284075, 0.207469, 0.240186, 
0.481716, 0.223777, 0.261376, 0.0331308, 
0.38367, 0.243026, 0.230876, 0.142428, 
0.266286, 0.249176, 0.225203, 0.259335, 
0.235694, 0.276041, 0.32482, 0.163445, 
0.384188, 0.196171, 0.321648, 0.0979929, 
0.243109, 0.236434, 0.255952, 0.264506, 
0.244627, 0.164406, 0.144551, 0.446417, 
0.0174451, 0.30236, 0.573532, 0.106663, 
0.197573, 0.215384, 0.289725, 0.297318, 
0.258024, 0.252731, 0.236169, 0.253077, 
0.221173, 0.255974, 0.234853, 0.288001, 
0.0711015, 0.579361, 0.0729914, 0.276546, 
0.362702, 0.213868, 0.217981, 0.205449, 
0.225758, 0.226095, 0.207524, 0.340623, 
0.306535, 0.324863, 0.278549, 0.090053, 
0.0510785, 0.44104, 0.403848, 0.104033, 
0.207606, 0.363883, 0.278592, 0.149919, 
0.281486, 0.175127, 0.31543, 0.227956, 
0.187542, 0.21054, 0.271018, 0.3309, 
0.105654, 0.584847, 0.309499, 0.0, 
0.197775, 0.400585, 0.13081, 0.27083, 
0.232301, 0.235484, 0.265106, 0.267109, 
0.317355, 0.352028, 0.330617, 0.0, 
0.0795275, 0.456828, 0.159948, 0.303696, 
0.525863, 0.0413169, 0.326972, 0.105848, 
0.268268, 0.216637, 0.214032, 0.301063, 
0.143196, 0.188312, 0.158947, 0.509545, 
0.141582, 0.173022, 0.467504, 0.217891, 
0.0272124, 0.193971, 0.320738, 0.458079, 
0.549625, 0.0971739, 0.353201, 0.0, 
0.452305, 0.0541567, 0.296801, 0.196738, 
0.192713, 0.311987, 0.301549, 0.193751, 
0.199652, 0.358256, 0.255875, 0.186217, 
0.228262, 0.301972, 0.26299, 0.206776, 
0.311038, 0.311288, 0.198426, 0.179248, 
0.166643, 0.348561, 0.211772, 0.273025, 
0.497921, 0.11626, 0.385819, 0.0, 
0.168696, 0.361431, 0.23092, 0.238953, 
0.167591, 0.353076, 0.230767, 0.248567, 
0.301776, 0.213476, 0.208532, 0.276216, 
0.127526, 0.475156, 0.306353, 0.0909657, 
0.155581, 0.431828, 0.225117, 0.187474, 
0.224309, 0.312234, 0.206544, 0.256913, 
0.366775, 0.138318, 0.447033, 0.0478734, 
0.381063, 0.164614, 0.399832, 0.0544911, 
0.198876, 0.461733, 0.216236, 0.123156, 
0.234924, 0.261511, 0.306474, 0.197091, 
0.45574, 0.164925, 0.232359, 0.146976, 
0.219379, 0.437096, 0.201407, 0.142119, 
0.444926, 0.178509, 0.233628, 0.142937, 
0.23183, 0.291045, 0.15736, 0.319765, 
0.237651, 0.358925, 0.15622, 0.247204, 
0.349159, 0.338235, 0.0692831, 0.243322, 
0.370651, 0.208021, 0.0674977, 0.35383, 
0.150452, 0.39134, 0.0827996, 0.375408, 
0.356551, 0.147473, 0.247497, 0.248478, 
0.172128, 0.230102, 0.361874, 0.235896, 
0.327984, 0.285714, 0.237101, 0.149201, 
0.199952, 0.386055, 0.200289, 0.213705, 
0.286724, 0.321137, 0.209041, 0.183097, 
0.212833, 0.412019, 0.167828, 0.20732, 
0.277638, 0.014395, 0.304193, 0.403774, 
0.266307, 0.0204766, 0.426326, 0.286891, 
0.136886, 0.60692, 0.150795, 0.105399, 
0.200261, 0.473481, 0.130791, 0.195467, 
0.416049, 0.294043, 0.155488, 0.13442, 
0.179394, 0.548794, 0.146743, 0.12507, 
0.2875, 0.292868, 0.263881, 0.155751, 
0.244845, 0.306112, 0.281527, 0.167515, 
0.263399, 0.333446, 0.229665, 0.17349, 
0.308948, 0.254617, 0.170428, 0.266007, 
0.268806, 0.327664, 0.253454, 0.150076, 
0.224653, 0.316443, 0.298666, 0.160237, 
0.219596, 0.307309, 0.296028, 0.177066, 
0.333458, 0.302279, 0.207125, 0.157138, 
0.202579, 0.319801, 0.324042, 0.153578, 
0.200499, 0.354406, 0.353691, 0.0914037, 
0.203026, 0.30817, 0.316424, 0.17238, 
0.143206, 0.252955, 0.412126, 0.191713, 
0.332867, 0.296794, 0.126004, 0.244336, 
0.323062, 0.347762, 0.174304, 0.154872, 
0.188132, 0.309822, 0.389101, 0.112946, 
0.228372, 0.406778, 0.275398, 0.0894526, 
0.258516, 0.370448, 0.289192, 0.0818429, 
0.321505, 0.368514, 0.17546, 0.134521, 
0.172906, 0.352726, 0.185447, 0.288921, 
0.122071, 0.437302, 0.140631, 0.299996, 
0.298663, 0.160892, 0.271153, 0.269293, 
0.227039, 0.194726, 0.306496, 0.271739, 
0.263259, 0.330736, 0.138351, 0.267653, 
0.221865, 0.251313, 0.238238, 0.288584, 
0.129125, 0.304557, 0.258167, 0.308151, 
0.117563, 0.32668, 0.256047, 0.299709, 
0.224772, 0.38736, 0.200066, 0.187802, 
0.156836, 0.333216, 0.203285, 0.306664, 
0.359621, 0.257285, 0.252428, 0.130666, 
0.322706, 0.0066256, 0.261607, 0.409061, 
0.315039, 0.299432, 0.240181, 0.145347, 
0.308953, 0.365418, 0.0505146, 0.275115, 
0.382058, 0.166015, 0.200128, 0.251799, 
0.31826, 0.150856, 0.253513, 0.277372, 
0.397669, 0.0960686, 0.240615, 0.265647, 
0.340846, 0.0341574, 0.230142, 0.394854, 
0.289181, 0.0534233, 0.275446, 0.38195, 
0.191387, 0.310203, 0.229155, 0.269254, 
0.112075, 0.280286, 0.441305, 0.166334, 
0.131811, 0.276634, 0.419712, 0.171843, 
0.293594, 0.336938, 0.131217, 0.238252, 
0.289939, 0.282673, 0.188504, 0.238883, 
0.311996, 0.195522, 0.248319, 0.244162, 
0.287744, 0.343691, 0.186211, 0.182354, 
0.303147, 0.182255, 0.227979, 0.286619, 
0.213165, 0.373955, 0.163532, 0.249348, 
0.392643, 0.173949, 0.191783, 0.241625, 
0.440509, 0.18063, 0.200396, 0.178464, 
0.245744, 0.189418, 0.30422, 0.260618, 
0.0944161, 0.26804, 0.220362, 0.417181, 
0.325967, 0.307738, 0.236823, 0.129472, 
0.491343, 0.101168, 0.199101, 0.208388, 
0.383036, 0.0798927, 0.218873, 0.318198, 
0.202144, 0.449515, 0.163953, 0.184389, 
0.170655, 0.504617, 0.154848, 0.16988, 
0.163707, 0.554662, 0.12537, 0.156261, 
0.171918, 0.50841, 0.19068, 0.128991, 
0.464637, 0.133566, 0.204736, 0.197061, 
0.215475, 0.464438, 0.151543, 0.168545, 
0.433521, 0.108468, 0.320626, 0.137385, 
0.422744, 0.127834, 0.306135, 0.143287, 
0.237618, 0.469929, 0.137109, 0.155344, 
0.119558, 0.491995, 0.217188, 0.171259, 
0.174858, 0.52228, 0.203991, 0.0988714, 
0.185039, 0.539354, 0.145395, 0.130212, 
0.115462, 0.720729, 0.163809, 0.0, 
0.227861, 0.489342, 0.156544, 0.126254, 
0.170951, 0.60031, 0.165551, 0.0631877, 
0.252383, 0.399565, 0.214013, 0.134039, 
0.271792, 0.338436, 0.216078, 0.173694, 
0.0160655, 0.526146, 0.38046, 0.0773281, 
0.477293, 0.364823, 0.0381784, 0.119706, 
0.300617, 0.310927, 0.162101, 0.226355, 
0.460554, 0.289194, 0.141618, 0.108634, 
0.483143, 0.129181, 0.262228, 0.125448, 
0.445153, 0.11341, 0.315991, 0.125446, 
0.159753, 0.573108, 0.164519, 0.102621, 
0.146902, 0.47262, 0.139553, 0.240925, 
0.551636, 0.101216, 0.143537, 0.203612, 
0.557201, 0.119825, 0.154015, 0.168959, 
0.537495, 0.130081, 0.1932, 0.139224, 
0.347357, 0.325791, 0.177734, 0.149118, 
0.206217, 0.333501, 0.302028, 0.158255, 
0.116269, 0.393206, 0.379321, 0.111205, 
0.269806, 0.435602, 0.294592, 0.0, 
0.351816, 0.351724, 0.296461, 0.0, 
0.540993, 0.459007, 0.0, 0.0, 
0.597392, 0.11575, 0.161971, 0.124886, 
0.0639804, 0.239878, 0.184775, 0.511367, 
0.106626, 0.381155, 0.479741, 0.032479, 
0.168789, 0.541237, 0.262505, 0.0274695, 
0.0741628, 0.492253, 0.134062, 0.299522, 
0.205124, 0.167978, 0.505842, 0.121057, 
0.166462, 0.502313, 0.0542132, 0.277012, 
0.0693495, 0.498933, 0.341538, 0.0901789, 
0.0407408, 0.134928, 0.419112, 0.405219, 
0.144852, 0.0818462, 0.255876, 0.517425, 
0.0715418, 0.0277266, 0.6238, 0.276931, 
0.445807, 0.465669, 0.0638277, 0.0246967, 
0.473172, 0.465475, 0.0128312, 0.0485212, 
0.0279958, 0.458856, 0.491891, 0.0212579, 
0.378246, 0.557592, 0.0395989, 0.0245633, 
0.0833629, 0.110935, 0.56354, 0.242162, 
0.0902144, 0.194721, 0.519566, 0.195498, 
0.182536, 0.20627, 0.498062, 0.113132, 
0.282916, 0.602158, 0.0071378, 0.107788, 
0.0055925, 0.89152, 0.0569864, 0.0459008, 
0.717282, 0.0714788, 0.030897, 0.180342, 
0.0194789, 0.646771, 0.14768, 0.186069, 
0.138393, 0.102812, 0.533337, 0.225458, 
0.272227, 0.0068581, 0.659189, 0.0617262, 
0.322277, 0.0578809, 0.575825, 0.0440161, 
0.262591, 0.0631583, 0.641222, 0.0330289, 
0.178817, 0.078176, 0.657167, 0.0858408, 
0.116986, 0.603677, 0.133131, 0.146206, 
0.108738, 0.202541, 0.561003, 0.127719, 
0.100206, 0.649774, 0.104752, 0.145268, 
0.083551, 0.621198, 0.0740443, 0.221207, 
0.173225, 0.609546, 0.191238, 0.0259917, 
0.166051, 0.554713, 0.219423, 0.0598128, 
0.207755, 0.476106, 0.268074, 0.048065, 
0.233859, 0.513183, 0.179909, 0.073049, 
0.29617, 0.320306, 0.193092, 0.190432, 
0.36825, 0.210172, 0.35184, 0.0697386, 
0.243041, 0.295802, 0.399036, 0.0621208, 
0.162692, 0.414311, 0.273416, 0.149581, 
0.122259, 0.742005, 0.103233, 0.0325023, 
0.106318, 0.832164, 0.0390258, 0.0224925, 
0.1604, 0.773463, 0.0383079, 0.0278285, 
0.162905, 0.689195, 0.116828, 0.0310725, 
0.27339, 0.184734, 0.242029, 0.299846, 
0.171512, 0.285376, 0.286058, 0.257053, 
0.418782, 0.340077, 0.227595, 0.0135463, 
0.210003, 0.086511, 0.312334, 0.391153, 
0.493268, 0.0235097, 0.322853, 0.160369, 
0.523092, 0.0913073, 0.211517, 0.174084, 
0.683116, 0.0724386, 0.143044, 0.101402, 
0.672071, 0.0443603, 0.0387345, 0.244834, 
0.879501, 0.0261762, 0.0488027, 0.0455197, 
0.156223, 0.628272, 0.0187486, 0.196756, 
0.0835883, 0.667022, 0.0199845, 0.229405, 
0.801173, 0.0751997, 0.0887797, 0.034848, 
0.466805, 0.399638, 0.107247, 0.0263105, 
0.584266, 0.281738, 0.130168, 0.0038285, 
0.500611, 0.415235, 0.0518532, 0.0323014, 
0.329587, 0.578037, 0.0467527, 0.0456235, 
0.225028, 0.604114, 0.131903, 0.0389547, 
0.327729, 0.500456, 0.138508, 0.0333067, 
0.649314, 0.16078, 0.189906, 0.0, 
0.0319682, 0.656592, 0.0517471, 0.259693, 
0.565156, 0.125511, 0.232453, 0.0768801, 
0.463922, 0.24083, 0.0947161, 0.200532, 
0.0379399, 0.0135345, 0.47017, 0.478356, 
0.0328144, 0.379381, 0.55406, 0.0337447, 
0.231954, 0.329277, 0.199548, 0.239222, 
0.294873, 0.223814, 0.200449, 0.280864, 
0.315516, 0.274807, 0.134012, 0.275665, 
0.268777, 0.388213, 0.133849, 0.209162, 
0.119372, 0.343714, 0.457447, 0.0794662, 
0.093013, 0.226266, 0.587437, 0.0932839, 
0.044307, 0.254557, 0.615126, 0.0860093, 
0.0728501, 0.382313, 0.50504, 0.0397975, 
0.318439, 0.527385, 0.0592143, 0.094962, 
0.367828, 0.43243, 0.0647, 0.135043, 
0.402116, 0.457346, 0.0650852, 0.0754525, 
0.352315, 0.55729, 0.06937, 0.0210247, 
0.194502, 0.265239, 0.490556, 0.0497033, 
0.188854, 0.540821, 0.222178, 0.0481471, 
0.0932107, 0.22562, 0.634683, 0.0464857, 
0.373923, 0.535716, 0.0408665, 0.0494944, 
0.306223, 0.613173, 0.0655963, 0.0150075, 
0.0104297, 0.241433, 0.658463, 0.0896746, 
0.538417, 0.23841, 0.0549269, 0.168246, 
0.658418, 0.114168, 0.113334, 0.11408, 
0.168674, 0.292056, 0.49282, 0.0464494, 
0.0390288, 0.371996, 0.386977, 0.201998, 
0.0982953, 0.509181, 0.254949, 0.137574, 
0.222329, 0.465649, 0.219084, 0.0929378, 
0.0686468, 0.242356, 0.635292, 0.0537051, 
0.0504246, 0.276435, 0.626332, 0.0468084, 
0.0518097, 0.260615, 0.437667, 0.249908, 
0.107545, 0.364405, 0.411172, 0.116879, 
0.236395, 0.258877, 0.445752, 0.0589761, 
0.161339, 0.219489, 0.520592, 0.0985797, 
0.627502, 0.302084, 0.0267017, 0.0437121, 
0.0224494, 0.543038, 0.409741, 0.0247724, 
0.0062466, 0.554457, 0.411855, 0.0274416, 
0.612284, 0.294939, 0.0101541, 0.0826228, 
0.0152782, 0.225284, 0.646936, 0.112502, 
0.0172021, 0.288879, 0.618888, 0.0750312, 
0.0230979, 0.210747, 0.636468, 0.129687, 
0.0317586, 0.601376, 0.298426, 0.0684388, 
0.0706641, 0.531244, 0.344171, 0.0539207, 
0.0290427, 0.248865, 0.45557, 0.266522, 
0.143775, 0.117124, 0.235924, 0.503177, 
0.208513, 0.427362, 0.304184, 0.0599402, 
0.409959, 0.380503, 0.209538, 0.0, 
0.067173, 0.248522, 0.311988, 0.372317, 
0.291704, 0.383837, 0.174666, 0.149792, 
0.219222, 0.291787, 0.160903, 0.328088, 
0.116274, 0.360834, 0.265271, 0.257621, 
0.266064, 0.207862, 0.195136, 0.330938, 
0.129106, 0.641841, 0.229053, 0.0, 
0.244288, 0.515989, 0.0538596, 0.185864, 
0.108644, 0.652962, 0.165081, 0.0733133, 
0.153942, 0.167417, 0.587802, 0.0908389, 
0.509806, 0.0663324, 0.0828343, 0.341027, 
0.570078, 0.109317, 0.0810419, 0.239563, 
0.704561, 0.0351845, 0.106946, 0.153308, 
0.555708, 0.0752074, 0.0741227, 0.294962, 
0.251718, 0.136239, 0.577696, 0.0343467, 
0.277382, 0.0434489, 0.0543406, 0.624828, 
0.313234, 0.0898488, 0.186248, 0.410669, 
0.316108, 0.143465, 0.209343, 0.331084, 
0.328111, 0.339492, 0.13116, 0.201237, 
0.331808, 0.324177, 0.0918822, 0.252133, 
0.0716992, 0.0641496, 0.320867, 0.543284, 
0.112149, 0.240297, 0.0784771, 0.569077, 
0.068968, 0.0368774, 0.167508, 0.726646, 
0.0777098, 0.0796769, 0.132202, 0.710412, 
0.407156, 0.344952, 0.242526, 0.0053662, 
0.131376, 0.0441578, 0.403186, 0.42128, 
0.174373, 0.152072, 0.339184, 0.334371, 
0.395794, 0.160304, 0.351287, 0.0926149, 
0.378635, 0.328259, 0.206795, 0.0863108, 
0.299374, 0.21872, 0.365239, 0.116666, 
0.485103, 0.0581486, 0.456748, 0.0, 
0.107939, 0.275535, 0.341959, 0.274568, 
0.07304, 0.36815, 0.357449, 0.201361, 
0.28087, 0.135031, 0.244908, 0.339192, 
0.231693, 0.160194, 0.13046, 0.477653, 
0.286508, 0.162909, 0.550583, 0.0, 
0.0309706, 0.0183589, 0.421423, 0.529247, 
0.342484, 0.0131445, 0.272256, 0.372115, 
0.426981, 0.106189, 0.0787455, 0.388085, 
0.40993, 0.290138, 0.222159, 0.0777735, 
0.495666, 0.315379, 0.175491, 0.0134647, 
0.602735, 0.239018, 0.0190564, 0.13919, 
0.559731, 0.201904, 0.158086, 0.0802796, 
0.450171, 0.355324, 0.0671412, 0.127364, 
0.621695, 0.0895216, 0.226215, 0.0625692, 
0.715389, 0.13556, 0.0809783, 0.0680719, 
0.460055, 0.230965, 0.077524, 0.231456, 
0.541321, 0.128553, 0.292288, 0.0378382, 
0.34545, 0.0354887, 0.24819, 0.370871, 
0.216972, 0.298343, 0.181884, 0.302801, 
0.258121, 0.202692, 0.337403, 0.201784, 
0.386564, 0.334282, 0.0219263, 0.257227, 
0.27473, 0.183651, 0.17515, 0.366468, 
0.350538, 0.350674, 0.17989, 0.118898, 
0.383627, 0.282432, 0.168316, 0.165625, 
0.429985, 0.337948, 0.141201, 0.0908656, 
0.404682, 0.364915, 0.063694, 0.166709, 
0.358076, 0.225685, 0.353997, 0.0622423, 
0.347051, 0.257853, 0.316763, 0.0783328, 
0.335867, 0.166522, 0.281133, 0.216478, 
0.36315, 0.098555, 0.399551, 0.138744, 
0.375409, 0.334939, 0.289652, 0.0, 
0.377462, 0.0855862, 0.370842, 0.16611, 
0.480595, 0.154013, 0.202682, 0.16271, 
0.368254, 0.193976, 0.215847, 0.221924, 
0.52754, 0.140038, 0.0385489, 0.293873, 
0.610111, 0.0760827, 0.0468606, 0.266946, 
0.639441, 0.0182431, 0.164737, 0.177579, 
0.505555, 0.246758, 0.014546, 0.233141, 
0.622296, 0.127799, 0.127003, 0.122902, 
0.54154, 0.219311, 0.195231, 0.0439178, 
0.550046, 0.133539, 0.200015, 0.1164, 
0.63629, 0.233893, 0.102644, 0.0271739, 
0.246593, 0.530933, 0.0957145, 0.126759, 
0.381309, 0.299019, 0.277034, 0.0426381, 
0.0388216, 0.269445, 0.384211, 0.307522, 
0.0591468, 0.179794, 0.632657, 0.128402, 
0.0201497, 0.0520133, 0.453246, 0.474591, 
0.048774, 0.0441501, 0.524778, 0.382298, 
0.0266961, 0.027115, 0.542362, 0.403827, 
0.0084105, 0.0318469, 0.475089, 0.484654, 
0.496324, 0.0821437, 0.19515, 0.226382, 
0.531751, 0.0351589, 0.181917, 0.251174, 
0.489915, 0.0417646, 0.356044, 0.112277, 
0.412287, 0.153225, 0.37017, 0.0643178, 
0.437503, 0.0808738, 0.0087363, 0.472887, 
0.222943, 0.0565401, 0.655201, 0.0653159, 
0.525389, 0.081092, 0.0392865, 0.354233, 
0.28667, 0.0161995, 0.0792173, 0.617913, 
0.16538, 0.0779036, 0.0185017, 0.738214, 
0.201437, 0.0291643, 0.0891264, 0.680273, 
0.346548, 0.0257943, 0.62229, 0.0053667, 
0.0800474, 0.793671, 0.110177, 0.0161047, 
0.0945855, 0.827962, 0.0451931, 0.0322596, 
0.020564, 0.499908, 0.143915, 0.335613, 
0.476793, 0.037645, 0.0700752, 0.415486, 
0.374175, 0.0394248, 0.0716549, 0.514745, 
0.434778, 0.0276774, 0.135492, 0.402053, 
0.201135, 0.269954, 0.39652, 0.132392, 
0.181818, 0.108279, 0.477252, 0.23265, 
0.168107, 0.505247, 0.132432, 0.194215, 
0.115489, 0.542075, 0.248556, 0.0938803, 
0.144032, 0.422325, 0.146938, 0.286706, 
0.273222, 0.397339, 0.176152, 0.153287, 
0.0253331, 0.538011, 0.260755, 0.175902, 
0.420613, 0.364658, 0.120709, 0.0940193, 
0.482913, 0.298261, 0.157039, 0.0617866, 
0.417033, 0.0921625, 0.254331, 0.236474, 
0.1956, 0.158733, 0.428816, 0.216851, 
0.0264095, 0.528968, 0.409353, 0.0352701, 
0.294432, 0.196119, 0.449729, 0.05972, 
0.159147, 0.462774, 0.304749, 0.0733306, 
0.189401, 0.42467, 0.342492, 0.0434368, 
0.126412, 0.0881049, 0.459461, 0.326022, 
0.111135, 0.157832, 0.538295, 0.192737, 
0.124145, 0.297863, 0.307572, 0.270421, 
0.175424, 0.0459134, 0.461577, 0.317086, 
0.233053, 0.155915, 0.495408, 0.115624, 
0.431034, 0.212654, 0.219708, 0.136605, 
0.225287, 0.399213, 0.235468, 0.140032, 
0.273653, 0.343642, 0.286955, 0.0957487, 
0.390286, 0.292873, 0.0297583, 0.287083, 
0.189784, 0.4654, 0.344816, 0.0, 
0.226862, 0.160322, 0.361259, 0.251556, 
0.158544, 0.345548, 0.316851, 0.179057, 
0.397496, 0.231552, 0.137064, 0.233888, 
0.240648, 0.351675, 0.0257515, 0.381925, 
0.139302, 0.360711, 0.0277755, 0.472212, 
0.279188, 0.0835465, 0.48615, 0.151115, 
0.223126, 0.432387, 0.143769, 0.200718, 
0.220191, 0.513782, 0.0065535, 0.259473, 
0.174662, 0.28431, 0.189875, 0.351153, 
0.201914, 0.450248, 0.347838, 0.0, 
0.172597, 0.392737, 0.238779, 0.195888, 
0.223831, 0.565665, 0.181416, 0.0290876, 
0.140491, 0.588715, 0.21174, 0.0590541, 
0.0620795, 0.508127, 0.405946, 0.0238476, 
0.523409, 0.357334, 0.0785975, 0.0406605, 
0.52286, 0.446252, 0.0176723, 0.0132157, 
0.437062, 0.489647, 0.0213443, 0.0519468, 
0.210541, 0.438802, 0.149277, 0.201379, 
0.367486, 0.522478, 0.0427591, 0.0672772, 
0.446071, 0.454603, 0.0635453, 0.0357808, 
0.351759, 0.338921, 0.121933, 0.187386, 
0.849384, 0.0371711, 0.0718679, 0.0415768, 
0.734299, 0.115292, 0.0242606, 0.126148, 
0.0463611, 0.0347559, 0.885244, 0.0336388, 
0.0556534, 0.8878, 0.0114265, 0.04512, 
0.0779628, 0.610485, 0.243829, 0.0677236, 
0.0227666, 0.618608, 0.28899, 0.0696352, 
0.313912, 0.550776, 0.135313, 0.0, 
0.310938, 0.17977, 0.159841, 0.349451, 
0.366723, 0.192795, 0.099288, 0.341193, 
0.346626, 0.167631, 0.167154, 0.318589, 
0.262732, 0.192321, 0.217231, 0.327717, 
0.118629, 0.45582, 0.260376, 0.165175, 
0.0362911, 0.628562, 0.257792, 0.0773542, 
0.061737, 0.512425, 0.347111, 0.0787269, 
0.138509, 0.353928, 0.333285, 0.174277, 
0.279301, 0.210979, 0.448727, 0.0609925, 
0.354598, 0.135145, 0.419716, 0.0905411, 
0.117149, 0.201107, 0.616822, 0.0649223, 
0.72828, 0.0717587, 0.0954842, 0.104477, 
0.688592, 0.035725, 0.0913996, 0.184284, 
0.678745, 0.0449641, 0.146771, 0.129519, 
0.658718, 0.0907237, 0.178347, 0.0722112, 
0.23919, 0.311971, 0.256804, 0.192035, 
0.406395, 0.261255, 0.214239, 0.11811, 
0.461841, 0.198619, 0.238144, 0.101396, 
0.24687, 0.262701, 0.284943, 0.205486, 
0.260656, 0.256759, 0.0454368, 0.437148, 
0.343709, 0.31697, 0.339321, 0.0, 
0.346578, 0.257199, 0.371531, 0.0246916, 
0.289695, 0.232323, 0.454668, 0.023313, 
0.518504, 0.374846, 0.0327592, 0.073891, 
0.549685, 0.199056, 0.100166, 0.151093, 
0.326784, 0.185766, 0.11624, 0.37121, 
0.400325, 0.165117, 0.0634995, 0.371058, 
0.347623, 0.106944, 0.483148, 0.062285, 
0.259604, 0.127905, 0.532633, 0.079858, 
0.267886, 0.0288274, 0.586922, 0.116364, 
0.368919, 0.0312513, 0.479615, 0.120214, 
0.173725, 0.059144, 0.397548, 0.369583, 
0.0560011, 0.174315, 0.503403, 0.26628, 
0.0522999, 0.107437, 0.608104, 0.232158, 
0.196235, 0.0358058, 0.411237, 0.356722, 
0.107886, 0.648608, 0.0631596, 0.180347, 
0.174245, 0.680215, 0.0408292, 0.10471, 
0.261122, 0.603636, 0.0599611, 0.0752806, 
0.164288, 0.520433, 0.130252, 0.185027, 
0.0401244, 0.582927, 0.365976, 0.0109731, 
0.43246, 0.391307, 0.100869, 0.0753644, 
0.339753, 0.488061, 0.116831, 0.0553545, 
0.6318, 0.147166, 0.0396011, 0.181433, 
0.632444, 0.0228401, 0.103322, 0.241394, 
0.0764458, 0.459944, 0.142509, 0.321102, 
0.0399627, 0.432389, 0.308477, 0.219171, 
0.123551, 0.360222, 0.287091, 0.229136, 
0.112962, 0.520344, 0.0194445, 0.34725, 
0.221621, 0.299003, 0.410864, 0.0685125, 
0.123975, 0.487243, 0.259798, 0.128984, 
0.739308, 0.212827, 0.0161146, 0.0317508, 
0.049268, 0.731285, 0.145388, 0.0740591, 
0.0825717, 0.765049, 0.115778, 0.0366013, 
0.747551, 0.183457, 0.0572953, 0.0116975, 
0.148072, 0.48582, 0.198974, 0.167134, 
0.242841, 0.240893, 0.260058, 0.256207, 
0.262097, 0.324182, 0.171893, 0.241827, 
0.407006, 0.208551, 0.0353431, 0.349099, 
0.381369, 0.222772, 0.0873719, 0.308487, 
0.434532, 0.0758661, 0.440836, 0.0487667, 
0.466115, 0.0787674, 0.36919, 0.0859276, 
0.217936, 0.0918961, 0.513302, 0.176865, 
0.272067, 0.163098, 0.422038, 0.142796, 
0.305657, 0.513809, 0.180534, 0.0, 
0.24221, 0.0184107, 0.527028, 0.212351, 
0.348482, 0.0430868, 0.416589, 0.191842, 
0.148544, 0.0899212, 0.512268, 0.249268, 
0.207707, 0.125926, 0.117785, 0.548582, 
0.292706, 0.541873, 0.112932, 0.0524899, 
0.622448, 0.137498, 0.221529, 0.0185261, 
0.735147, 0.107713, 0.13655, 0.0205901, 
0.195735, 0.291599, 0.467963, 0.0447029, 
0.434699, 0.207081, 0.338884, 0.0193354, 
0.501377, 0.137097, 0.292579, 0.0689472, 
0.300043, 0.500347, 0.181589, 0.0180207, 
0.329414, 0.433636, 0.210564, 0.0263858, 
0.190743, 0.499799, 0.197714, 0.111745, 
0.172023, 0.559423, 0.149811, 0.118743, 
0.171356, 0.117674, 0.500791, 0.210178, 
0.274582, 0.129567, 0.453738, 0.142113, 
0.0796544, 0.534319, 0.271587, 0.114439, 
0.0903802, 0.419729, 0.389071, 0.10082, 
0.0479268, 0.476521, 0.432354, 0.0431986, 
0.334082, 0.429195, 0.114761, 0.121963, 
0.162223, 0.149373, 0.2147, 0.473703, 
0.139733, 0.269724, 0.0647552, 0.525788, 
0.0388122, 0.831523, 0.100666, 0.0289988, 
0.129615, 0.771945, 0.0597169, 0.0387234, 
0.190837, 0.707869, 0.0532479, 0.0480457, 
0.0996489, 0.767933, 0.0903774, 0.0420404, 
0.305697, 0.323796, 0.316547, 0.0539611, 
0.197988, 0.11093, 0.536544, 0.154537, 
0.254673, 0.072996, 0.595497, 0.0768339, 
0.0980503, 0.0475373, 0.648222, 0.20619, 
0.111024, 0.658046, 0.0472015, 0.183728, 
0.557239, 0.369126, 0.0050017, 0.0686327, 
0.587048, 0.291747, 0.121204, 0.0, 
0.195222, 0.205975, 0.33219, 0.266613, 
0.537482, 0.0752864, 0.345493, 0.0417393, 
0.547214, 0.104422, 0.291951, 0.0564125, 
0.627494, 0.138979, 0.201318, 0.0322096, 
0.616173, 0.0841296, 0.287399, 0.0122989, 
0.354453, 0.505454, 0.0290689, 0.111025, 
0.432105, 0.0077578, 0.453484, 0.106653, 
0.49371, 0.382605, 0.0200641, 0.103621, 
0.417479, 0.34966, 0.0806979, 0.152163, 
0.481447, 0.0462678, 0.37854, 0.0937457, 
0.503218, 0.0979769, 0.298736, 0.100069, 
0.584606, 0.0742667, 0.298844, 0.0422834, 
0.552927, 0.0259755, 0.365185, 0.0559123, 
0.451346, 0.136466, 0.393284, 0.0189042, 
0.519776, 0.0117502, 0.306064, 0.16241, 
0.458151, 0.139079, 0.346392, 0.0563792, 
0.522566, 0.0566106, 0.369564, 0.0512596, 
0.557907, 0.0266971, 0.359771, 0.0556249, 
0.056478, 0.644184, 0.179134, 0.120205, 
0.174497, 0.372082, 0.35317, 0.10025, 
0.238307, 0.428403, 0.25952, 0.0737696, 
0.3289, 0.0396574, 0.467587, 0.163856, 
0.27683, 0.613318, 0.0965705, 0.0132817, 
0.219799, 0.654623, 0.0961517, 0.0294267, 
0.289172, 0.0425533, 0.488872, 0.179403, 
0.411201, 0.331222, 0.0247422, 0.232835, 
0.294589, 0.392024, 0.103817, 0.20957, 
0.377272, 0.288201, 0.0622661, 0.27226, 
0.469057, 0.250351, 0.280592, 0.0, 
0.397871, 0.257068, 0.333913, 0.0111479, 
0.458055, 0.117665, 0.255302, 0.168978, 
0.572222, 0.0911435, 0.263554, 0.0730804, 
0.484592, 0.0872061, 0.349356, 0.0788456, 
0.601479, 0.0438145, 0.307699, 0.0470073, 
0.679813, 0.0343893, 0.199099, 0.0866989, 
