1, 0.0, 0.0, 0.0, 0.0, 0.0, 0.0, 0.0, 
0.994, 0.002, 0.004, 0.0, 0.0, 0.0, 0.0, 0.0, 
1, 0.0, 0.0, 0.0, 0.0, 0.0, 0.0, 0.0, 
0.947, 0.011, 0.011, 0.031, 0.0, 0.0, 0.0, 0.0, 
0.984, 0.016, 0.0, 0.0, 0.0, 0.0, 0.0, 0.0, 
0.805, 0.031, 0.038, 0.01, 0.116, 0.0, 0.0, 0.0, 
0.016, 0.684, 0.008, 0.248, 0.003, 0.014, 0.017, 0.01, 
0.96, 0.04, 0.0, 0.0, 0.0, 0.0, 0.0, 0.0, 
0.583, 0.025, 0.015, 0.196, 0.181, 0.0, 0.0, 0.0, 
0.98, 0.02, 0.0, 0.0, 0.0, 0.0, 0.0, 0.0, 
0.025, 0.831, 0.03, 0.008, 0.023, 0.039, 0.021, 0.023, 
0.01, 0.863, 0.127, 0.0, 0.0, 0.0, 0.0, 0.0, 
1, 0.0, 0.0, 0.0, 0.0, 0.0, 0.0, 0.0, 
0.025, 0.043, 0.202, 0.047, 0.065, 0.038, 0.195, 0.385, 
0.971, 0.021, 0.003, 0.005, 0.0, 0.0, 0.0, 0.0, 
0.004, 0.996, 0.0, 0.0, 0.0, 0.0, 0.0, 0.0, 
0.027, 0.967, 0.006, 0.0, 0.0, 0.0, 0.0, 0.0, 
0.004, 0.036, 0.018, 0.005, 0.896, 0.033, 0.008, 0.0, 
0.075, 0.687, 0.034, 0.066, 0.02, 0.012, 0.011, 0.095, 
0.715, 0.052, 0.179, 0.015, 0.009, 0.016, 0.014, 0.0, 
0.105, 0.807, 0.051, 0.013, 0.003, 0.011, 0.01, 0.0, 
0.027, 0.025, 0.937, 0.002, 0.005, 0.002, 0.002, 0.0, 
0.091, 0.038, 0.013, 0.011, 0.847, 0.0, 0.0, 0.0, 
0.007, 0.07, 0.003, 0.908, 0.004, 0.008, 0.0, 0.0, 
0.869, 0.028, 0.098, 0.005, 0.0, 0.0, 0.0, 0.0, 
0.006, 0.005, 0.989, 0.0, 0.0, 0.0, 0.0, 0.0, 
1, 0.0, 0.0, 0.0, 0.0, 0.0, 0.0, 0.0, 
0.028, 0.038, 0.004, 0.117, 0.813, 0.0, 0.0, 0.0, 
0.047, 0.07, 0.739, 0.029, 0.008, 0.003, 0.076, 0.028, 
0.072, 0.896, 0.032, 0.0, 0.0, 0.0, 0.0, 0.0, 
0.025, 0.122, 0.046, 0.648, 0.024, 0.026, 0.067, 0.042, 
0.039, 0.019, 0.009, 0.914, 0.019, 0.0, 0.0, 0.0, 
1, 0.0, 0.0, 0.0, 0.0, 0.0, 0.0, 0.0, 
0.065, 0.046, 0.889, 0.0, 0.0, 0.0, 0.0, 0.0, 
0.007, 0.965, 0.017, 0.009, 0.002, 0.0, 0.0, 0.0, 
0.073, 0.029, 0.892, 0.003, 0.003, 0.0, 0.0, 0.0, 
0.077, 0.052, 0.019, 0.016, 0.802, 0.011, 0.023, 0.0, 
0.125, 0.002, 0.018, 0.855, 0.0, 0.0, 0.0, 0.0, 
0.223, 0.054, 0.005, 0.085, 0.071, 0.51, 0.052, 0.0, 
0.025, 0.066, 0.093, 0.052, 0.007, 0.028, 0.729, 0.0, 
0.242, 0.06, 0.042, 0.021, 0.635, 0.0, 0.0, 0.0, 
0.075, 0.138, 0.064, 0.014, 0.038, 0.644, 0.027, 0.0, 
0.021, 0.041, 0.017, 0.921, 0.0, 0.0, 0.0, 0.0, 
0.019, 0.981, 0.0, 0.0, 0.0, 0.0, 0.0, 0.0, 
0.005, 0.073, 0.028, 0.016, 0.077, 0.779, 0.022, 0.0, 
0.077, 0.119, 0.007, 0.181, 0.085, 0.046, 0.485, 0.0, 
1, 0.0, 0.0, 0.0, 0.0, 0.0, 0.0, 0.0, 
0.087, 0.106, 0.108, 0.014, 0.022, 0.663, 0.0, 0.0, 
0.565, 0.081, 0.066, 0.162, 0.085, 0.041, 0.0, 0.0, 
0.036, 0.165, 0.245, 0.02, 0.16, 0.015, 0.039, 0.32, 
0.013, 0.028, 0.515, 0.089, 0.053, 0.101, 0.201, 0.0, 
0.062, 0.047, 0.388, 0.062, 0.035, 0.089, 0.167, 0.15, 
0.457, 0.06, 0.177, 0.052, 0.012, 0.071, 0.062, 0.109, 
0.049, 0.121, 0.011, 0.154, 0.047, 0.042, 0.464, 0.112, 
0.037, 0.183, 0.055, 0.156, 0.065, 0.463, 0.041, 0.0, 
0.022, 0.376, 0.049, 0.059, 0.013, 0.099, 0.227, 0.155, 
0.034, 0.013, 0.557, 0.089, 0.012, 0.23, 0.036, 0.029, 
0.182, 0.053, 0.027, 0.02, 0.594, 0.033, 0.091, 0.0, 
0.039, 0.139, 0.065, 0.167, 0.02, 0.224, 0.032, 0.314, 
0.207, 0.09, 0.018, 0.452, 0.081, 0.062, 0.09, 0.0, 
0.039, 0.235, 0.124, 0.216, 0.102, 0.047, 0.237, 0.0, 
0.038, 0.059, 0.058, 0.036, 0.176, 0.273, 0.36, 0.0, 
0.103, 0.071, 0.2, 0.018, 0.312, 0.279, 0.017, 0.0, 
0.245, 0.073, 0.177, 0.028, 0.091, 0.225, 0.025, 0.136, 
0.277, 0.095, 0.198, 0.089, 0.336, 0.005, 0.0, 0.0, 
0.123, 0.384, 0.148, 0.185, 0.015, 0.033, 0.046, 0.066, 
0.012, 0.027, 0.044, 0.119, 0.183, 0.26, 0.355, 0.0, 
0.023, 0.294, 0.04, 0.29, 0.022, 0.039, 0.235, 0.057, 
0.089, 0.251, 0.009, 0.227, 0.279, 0.062, 0.062, 0.021, 
0.031, 0.03, 0.03, 0.448, 0.289, 0.133, 0.022, 0.017, 
0.245, 0.009, 0.217, 0.031, 0.224, 0.031, 0.222, 0.021, 
0.183, 0.061, 0.021, 0.319, 0.082, 0.334, 0.0, 0.0, 
0.005, 0.485, 0.068, 0.018, 0.3, 0.003, 0.005, 0.116, 
0.063, 0.139, 0.783, 0.015, 0.0, 0.0, 0.0, 0.0, 
0.671, 0.025, 0.032, 0.085, 0.037, 0.015, 0.135, 0.0, 
0.073, 0.038, 0.086, 0.058, 0.243, 0.037, 0.12, 0.345, 
0.126, 0.243, 0.351, 0.065, 0.176, 0.039, 0.0, 0.0, 
0.135, 0.041, 0.311, 0.319, 0.027, 0.106, 0.026, 0.035, 
0.101, 0.041, 0.219, 0.163, 0.476, 0.0, 0.0, 0.0, 
0.108, 0.3, 0.197, 0.007, 0.079, 0.056, 0.108, 0.145, 
0.008, 0.069, 0.072, 0.142, 0.246, 0.013, 0.45, 0.0, 
0.059, 0.357, 0.127, 0.142, 0.083, 0.232, 0.0, 0.0, 
0.058, 0.264, 0.019, 0.483, 0.07, 0.106, 0.0, 0.0, 
0.306, 0.519, 0.002, 0.005, 0.168, 0.0, 0.0, 0.0, 
0.344, 0.199, 0.09, 0.234, 0.052, 0.071, 0.01, 0.0, 
0.513, 0.058, 0.052, 0.343, 0.015, 0.013, 0.006, 0.0, 
0.053, 0.04, 0.327, 0.032, 0.094, 0.405, 0.031, 0.018, 
0.06, 0.085, 0.064, 0.393, 0.005, 0.028, 0.021, 0.344, 
0.203, 0.022, 0.177, 0.112, 0.136, 0.143, 0.207, 0.0, 
0.011, 0.299, 0.014, 0.032, 0.163, 0.064, 0.417, 0.0, 
0.086, 0.125, 0.012, 0.58, 0.092, 0.048, 0.057, 0.0, 
0.09, 0.018, 0.026, 0.527, 0.117, 0.176, 0.046, 0.0, 
0.308, 0.054, 0.156, 0.047, 0.045, 0.182, 0.114, 0.094, 
0.089, 0.22, 0.306, 0.148, 0.071, 0.042, 0.124, 0.0, 
0.133, 0.071, 0.131, 0.042, 0.145, 0.212, 0.141, 0.125, 
0.109, 0.136, 0.093, 0.069, 0.205, 0.105, 0.177, 0.106, 
0.045, 0.022, 0.063, 0.12, 0.466, 0.14, 0.112, 0.032, 
0.021, 0.009, 0.629, 0.036, 0.123, 0.107, 0.075, 0.0, 
0.662, 0.044, 0.074, 0.157, 0.007, 0.028, 0.02, 0.008, 
0.018, 0.071, 0.134, 0.179, 0.17, 0.319, 0.078, 0.031, 
0.117, 0.055, 0.111, 0.064, 0.12, 0.252, 0.076, 0.205, 
0.892, 0.054, 0.054, 0.0, 0.0, 0.0, 0.0, 0.0, 
0.331, 0.026, 0.144, 0.14, 0.055, 0.015, 0.289, 0.0, 
0.126, 0.085, 0.065, 0.504, 0.136, 0.029, 0.055, 0.0, 
0.003, 0.315, 0.226, 0.033, 0.247, 0.135, 0.041, 0.0, 
0.028, 0.109, 0.044, 0.157, 0.077, 0.487, 0.098, 0.0, 
0.016, 0.009, 0.546, 0.031, 0.118, 0.027, 0.191, 0.062, 
0.077, 0.468, 0.043, 0.016, 0.126, 0.166, 0.104, 0.0, 
0.206, 0.075, 0.011, 0.077, 0.286, 0.102, 0.243, 0.0, 
0.109, 0.141, 0.112, 0.111, 0.345, 0.076, 0.015, 0.091, 
0.418, 0.322, 0.019, 0.137, 0.018, 0.064, 0.01, 0.012, 
0.027, 0.131, 0.308, 0.129, 0.304, 0.031, 0.07, 0.0, 
0.026, 0.016, 0.12, 0.24, 0.598, 0.0, 0.0, 0.0, 
0.022, 0.129, 0.7, 0.003, 0.049, 0.05, 0.047, 0.0, 
0.059, 0.146, 0.122, 0.396, 0.021, 0.191, 0.065, 0.0, 
0.225, 0.036, 0.204, 0.155, 0.054, 0.291, 0.035, 0.0, 
0.084, 0.065, 0.059, 0.132, 0.251, 0.34, 0.069, 0.0, 
0.009, 0.069, 0.26, 0.568, 0.061, 0.003, 0.012, 0.018, 
0.357, 0.101, 0.051, 0.338, 0.048, 0.029, 0.059, 0.017, 
0.19, 0.059, 0.022, 0.15, 0.045, 0.378, 0.088, 0.068, 
0.068, 0.097, 0.243, 0.216, 0.027, 0.181, 0.049, 0.119, 
0.054, 0.253, 0.441, 0.057, 0.195, 0.0, 0.0, 0.0, 
0.278, 0.182, 0.167, 0.269, 0.006, 0.005, 0.093, 0.0, 
0.066, 0.031, 0.251, 0.049, 0.319, 0.227, 0.032, 0.025, 
0.103, 0.178, 0.037, 0.181, 0.072, 0.057, 0.186, 0.186, 
0.064, 0.033, 0.439, 0.021, 0.014, 0.372, 0.055, 0.002, 
0.005, 0.141, 0.048, 0.221, 0.133, 0.452, 0.0, 0.0, 
0.014, 0.237, 0.057, 0.007, 0.073, 0.023, 0.365, 0.224, 
0.092, 0.061, 0.128, 0.073, 0.111, 0.01, 0.061, 0.464, 
0.229, 0.025, 0.091, 0.115, 0.047, 0.397, 0.078, 0.018, 
0.024, 0.044, 0.148, 0.333, 0.31, 0.141, 0.0, 0.0, 
0.012, 0.02, 0.019, 0.568, 0.021, 0.03, 0.079, 0.251, 
0.03, 0.113, 0.095, 0.063, 0.052, 0.345, 0.302, 0.0, 
0.027, 0.022, 0.199, 0.18, 0.057, 0.039, 0.034, 0.442, 
0.287, 0.637, 0.016, 0.006, 0.017, 0.016, 0.021, 0.0, 
0.09, 0.061, 0.079, 0.02, 0.75, 0.0, 0.0, 0.0, 
0.537, 0.104, 0.292, 0.003, 0.015, 0.027, 0.022, 0.0, 
0.016, 0.112, 0.324, 0.125, 0.244, 0.179, 0.0, 0.0, 
0.132, 0.35, 0.202, 0.04, 0.049, 0.158, 0.015, 0.054, 
0.048, 0.05, 0.666, 0.021, 0.11, 0.092, 0.013, 0.0, 
0.055, 0.463, 0.243, 0.071, 0.106, 0.062, 0.0, 0.0, 
0.052, 0.091, 0.104, 0.028, 0.161, 0.201, 0.363, 0.0, 
0.154, 0.095, 0.038, 0.438, 0.054, 0.116, 0.103, 0.002, 
0.004, 0.002, 0.098, 0.488, 0.268, 0.14, 0.0, 0.0, 
0.025, 0.122, 0.275, 0.026, 0.167, 0.293, 0.053, 0.039, 
0.909, 0.007, 0.011, 0.034, 0.039, 0.0, 0.0, 0.0, 
0.072, 0.785, 0.017, 0.014, 0.033, 0.024, 0.055, 0.0, 
0.22, 0.042, 0.073, 0.054, 0.048, 0.21, 0.306, 0.047, 
0.448, 0.065, 0.455, 0.005, 0.012, 0.015, 0.0, 0.0, 
0.025, 0.133, 0.426, 0.003, 0.083, 0.059, 0.271, 0.0, 
0.087, 0.025, 0.447, 0.097, 0.179, 0.09, 0.038, 0.037, 
0.084, 0.495, 0.13, 0.088, 0.124, 0.047, 0.032, 0.0, 
0.005, 0.012, 0.178, 0.019, 0.15, 0.056, 0.392, 0.188, 
0.048, 0.039, 0.797, 0.013, 0.023, 0.005, 0.075, 0.0, 
0.228, 0.006, 0.044, 0.184, 0.026, 0.006, 0.083, 0.423, 
0.019, 0.102, 0.039, 0.187, 0.094, 0.511, 0.034, 0.014, 
0.029, 0.343, 0.1, 0.305, 0.094, 0.086, 0.043, 0.0, 
0.072, 0.249, 0.012, 0.147, 0.463, 0.016, 0.008, 0.033, 
0.008, 0.114, 0.118, 0.003, 0.41, 0.347, 0.0, 0.0, 
0.053, 0.092, 0.167, 0.439, 0.008, 0.004, 0.215, 0.022, 
0.139, 0.03, 0.053, 0.053, 0.103, 0.006, 0.603, 0.013, 
0.019, 0.217, 0.007, 0.062, 0.016, 0.076, 0.15, 0.453, 
0.039, 0.32, 0.176, 0.465, 0.0, 0.0, 0.0, 0.0, 
0.125, 0.013, 0.208, 0.022, 0.274, 0.261, 0.029, 0.068, 
0.223, 0.013, 0.098, 0.044, 0.043, 0.368, 0.211, 0.0, 
0.008, 0.009, 0.01, 0.253, 0.062, 0.017, 0.003, 0.638, 
0.073, 0.027, 0.238, 0.025, 0.514, 0.014, 0.079, 0.03, 
0.014, 0.186, 0.045, 0.101, 0.183, 0.392, 0.079, 0.0, 
0.008, 0.181, 0.046, 0.059, 0.015, 0.181, 0.448, 0.062, 
0.179, 0.076, 0.41, 0.208, 0.03, 0.05, 0.047, 0.0, 
0.507, 0.072, 0.099, 0.151, 0.004, 0.1, 0.067, 0.0, 
0.22, 0.121, 0.029, 0.038, 0.043, 0.113, 0.312, 0.124, 
0.163, 0.279, 0.153, 0.007, 0.022, 0.273, 0.055, 0.048, 
0.047, 0.029, 0.108, 0.724, 0.027, 0.065, 0.0, 0.0, 
0.414, 0.346, 0.058, 0.002, 0.016, 0.164, 0.0, 0.0, 
0.02, 0.027, 0.274, 0.319, 0.013, 0.347, 0.0, 0.0, 
0.017, 0.128, 0.131, 0.401, 0.005, 0.002, 0.281, 0.035, 
0.296, 0.017, 0.12, 0.132, 0.074, 0.105, 0.072, 0.184, 
0.259, 0.042, 0.017, 0.339, 0.007, 0.15, 0.016, 0.17, 
0.011, 0.006, 0.024, 0.183, 0.189, 0.124, 0.463, 0.0, 
0.066, 0.063, 0.244, 0.045, 0.2, 0.052, 0.292, 0.038, 
0.209, 0.074, 0.244, 0.009, 0.026, 0.169, 0.166, 0.103, 
0.055, 0.042, 0.013, 0.047, 0.544, 0.058, 0.023, 0.218, 
0.958, 0.006, 0.002, 0.003, 0.004, 0.027, 0.0, 0.0, 
0.017, 0.1, 0.058, 0.155, 0.384, 0.286, 0.0, 0.0, 
0.046, 0.365, 0.055, 0.331, 0.099, 0.063, 0.041, 0.0, 
0.131, 0.223, 0.04, 0.216, 0.045, 0.174, 0.052, 0.119, 
0.058, 0.153, 0.004, 0.037, 0.259, 0.062, 0.348, 0.079, 
0.132, 0.006, 0.16, 0.069, 0.505, 0.107, 0.021, 0.0, 
0.339, 0.2, 0.08, 0.129, 0.135, 0.056, 0.013, 0.048, 
0.237, 0.111, 0.017, 0.052, 0.073, 0.383, 0.088, 0.039, 
0.04, 0.099, 0.049, 0.034, 0.022, 0.066, 0.099, 0.591, 
0.953, 0.002, 0.014, 0.005, 0.026, 0.0, 0.0, 0.0, 
0.274, 0.031, 0.085, 0.017, 0.077, 0.336, 0.166, 0.014, 
0.019, 0.87, 0.019, 0.015, 0.077, 0.0, 0.0, 0.0, 
0.154, 0.135, 0.407, 0.008, 0.004, 0.292, 0.0, 0.0, 
0.24, 0.018, 0.037, 0.086, 0.026, 0.02, 0.573, 0.0, 
0.697, 0.163, 0.081, 0.002, 0.008, 0.001, 0.048, 0.0, 
0.385, 0.023, 0.059, 0.019, 0.111, 0.183, 0.19, 0.03, 
0.049, 0.015, 0.63, 0.044, 0.183, 0.071, 0.008, 0.0, 
0.214, 0.02, 0.293, 0.006, 0.005, 0.127, 0.033, 0.302, 
0.383, 0.004, 0.083, 0.3, 0.007, 0.029, 0.185, 0.009, 
0.011, 0.515, 0.076, 0.018, 0.305, 0.002, 0.073, 0.0, 
0.267, 0.593, 0.003, 0.072, 0.065, 0.0, 0.0, 0.0, 
0.043, 0.129, 0.025, 0.383, 0.292, 0.128, 0.0, 0.0, 
0.105, 0.049, 0.011, 0.287, 0.018, 0.342, 0.177, 0.011, 
0.014, 0.239, 0.003, 0.002, 0.31, 0.1, 0.332, 0.0, 
0.002, 0.372, 0.006, 0.252, 0.366, 0.002, 0.0, 0.0, 
0.009, 0.024, 0.411, 0.052, 0.389, 0.086, 0.016, 0.013, 
0.771, 0.03, 0.012, 0.016, 0.171, 0.0, 0.0, 0.0, 
0.011, 0.236, 0.012, 0.084, 0.425, 0.232, 0.0, 0.0, 
0.512, 0.177, 0.084, 0.078, 0.035, 0.083, 0.017, 0.014, 
0.179, 0.045, 0.181, 0.024, 0.042, 0.488, 0.041, 0.0, 
0.015, 0.007, 0.212, 0.004, 0.252, 0.222, 0.288, 0.0, 
0.361, 0.184, 0.144, 0.178, 0.056, 0.038, 0.039, 0.0, 
0.003, 0.966, 0.005, 0.026, 0.0, 0.0, 0.0, 0.0, 
0.107, 0.301, 0.363, 0.01, 0.01, 0.052, 0.157, 0.0, 
0.057, 0.328, 0.096, 0.108, 0.046, 0.334, 0.031, 0.0, 
0.016, 0.075, 0.285, 0.093, 0.057, 0.014, 0.418, 0.042, 
0.002, 0.276, 0.063, 0.068, 0.149, 0.206, 0.236, 0.0, 
0.142, 0.145, 0.013, 0.002, 0.012, 0.088, 0.462, 0.136, 
0.015, 0.299, 0.098, 0.013, 0.409, 0.14, 0.026, 0.0, 
0.226, 0.293, 0.056, 0.032, 0.384, 0.005, 0.004, 0.0, 
0.066, 0.119, 0.794, 0.008, 0.013, 0.0, 0.0, 0.0, 
0.605, 0.025, 0.188, 0.019, 0.142, 0.006, 0.015, 0.0, 
0.035, 0.512, 0.015, 0.051, 0.099, 0.288, 0.0, 0.0, 
0.026, 0.022, 0.531, 0.024, 0.04, 0.014, 0.103, 0.24, 
0.072, 0.101, 0.105, 0.026, 0.023, 0.066, 0.545, 0.062, 
0.008, 0.376, 0.095, 0.484, 0.015, 0.022, 0.0, 0.0, 
0.26, 0.054, 0.682, 0.004, 0.0, 0.0, 0.0, 0.0, 
0.183, 0.091, 0.015, 0.117, 0.122, 0.439, 0.033, 0.0, 
0.092, 0.007, 0.511, 0.01, 0.181, 0.137, 0.036, 0.026, 
0.088, 0.647, 0.04, 0.042, 0.133, 0.033, 0.017, 0.0, 
0.025, 0.3, 0.008, 0.11, 0.181, 0.01, 0.366, 0.0, 
0.546, 0.014, 0.352, 0.014, 0.004, 0.011, 0.059, 0.0, 
0.016, 0.696, 0.02, 0.004, 0.046, 0.218, 0.0, 0.0, 
0.137, 0.226, 0.017, 0.536, 0.029, 0.055, 0.0, 0.0, 
0.221, 0.007, 0.085, 0.099, 0.086, 0.318, 0.02, 0.164, 
0.316, 0.061, 0.005, 0.301, 0.007, 0.251, 0.059, 0.0, 
0.077, 0.586, 0.06, 0.099, 0.03, 0.023, 0.044, 0.081, 
0.079, 0.419, 0.048, 0.168, 0.007, 0.279, 0.0, 0.0, 
0.008, 0.724, 0.016, 0.018, 0.199, 0.004, 0.022, 0.009, 
0.226, 0.073, 0.033, 0.056, 0.453, 0.019, 0.023, 0.117, 
0.005, 0.961, 0.006, 0.003, 0.025, 0.0, 0.0, 0.0, 
0.31, 0.027, 0.1, 0.045, 0.099, 0.294, 0.067, 0.058, 
0.168, 0.177, 0.036, 0.303, 0.126, 0.19, 0.0, 0.0, 
0.002, 0.963, 0.002, 0.006, 0.003, 0.024, 0.0, 0.0, 
0.014, 0.609, 0.011, 0.139, 0.032, 0.035, 0.063, 0.097, 
0.169, 0.181, 0.007, 0.033, 0.02, 0.282, 0.072, 0.236, 
0.024, 0.767, 0.025, 0.096, 0.051, 0.037, 0.0, 0.0, 
0.802, 0.011, 0.105, 0.028, 0.044, 0.01, 0.0, 0.0, 
0.058, 0.066, 0.053, 0.18, 0.122, 0.471, 0.05, 0.0, 
0.061, 0.054, 0.424, 0.159, 0.074, 0.208, 0.02, 0.0, 
0.435, 0.171, 0.094, 0.028, 0.213, 0.043, 0.016, 0.0, 
0.252, 0.039, 0.577, 0.046, 0.021, 0.065, 0.0, 0.0, 
0.015, 0.266, 0.692, 0.005, 0.009, 0.013, 0.0, 0.0, 
0.552, 0.002, 0.003, 0.412, 0.005, 0.026, 0.0, 0.0, 
0.122, 0.046, 0.066, 0.072, 0.076, 0.409, 0.209, 0.0, 
0.008, 0.063, 0.734, 0.006, 0.042, 0.043, 0.091, 0.013, 
0.945, 0.004, 0.002, 0.018, 0.005, 0.026, 0.0, 0.0, 
0.002, 0.017, 0.196, 0.215, 0.456, 0.111, 0.003, 0.0, 
0.3, 0.035, 0.049, 0.044, 0.097, 0.201, 0.274, 0.0, 
0.629, 0.019, 0.324, 0.023, 0.005, 0.0, 0.0, 0.0, 
0.015, 0.009, 0.815, 0.013, 0.049, 0.036, 0.063, 0.0, 
0.34, 0.019, 0.16, 0.155, 0.242, 0.024, 0.06, 0.0, 
0.103, 0.322, 0.162, 0.223, 0.034, 0.057, 0.035, 0.064, 
0.642, 0.192, 0.043, 0.033, 0.017, 0.048, 0.01, 0.015, 
0.017, 0.091, 0.05, 0.005, 0.25, 0.372, 0.215, 0.0, 
0.663, 0.053, 0.003, 0.025, 0.237, 0.006, 0.013, 0.0, 
0.029, 0.772, 0.001, 0.039, 0.024, 0.059, 0.024, 0.052, 
0.033, 0.017, 0.883, 0.008, 0.016, 0.002, 0.018, 0.023, 
0.064, 0.172, 0.369, 0.079, 0.316, 0.0, 0.0, 0.0, 
0.238, 0.591, 0.013, 0.037, 0.012, 0.052, 0.02, 0.037, 
0.098, 0.144, 0.311, 0.007, 0.331, 0.04, 0.028, 0.041, 
0.02, 0.139, 0.002, 0.168, 0.647, 0.007, 0.017, 0.0, 
0.161, 0.002, 0.164, 0.116, 0.061, 0.118, 0.378, 0.0, 
0.021, 0.633, 0.026, 0.019, 0.011, 0.114, 0.176, 0.0, 
0.019, 0.376, 0.254, 0.132, 0.105, 0.052, 0.031, 0.031, 
0.66, 0.002, 0.008, 0.045, 0.28, 0.003, 0.002, 0.0, 
0.035, 0.017, 0.039, 0.171, 0.008, 0.193, 0.537, 0.0, 
0.038, 0.26, 0.079, 0.437, 0.104, 0.047, 0.007, 0.028, 
0.797, 0.037, 0.014, 0.01, 0.044, 0.089, 0.007, 0.002, 
0.947, 0.003, 0.002, 0.014, 0.005, 0.002, 0.027, 0.0, 
0.014, 0.039, 0.4, 0.1, 0.259, 0.043, 0.13, 0.015, 
0.009, 0.006, 0.002, 0.947, 0.004, 0.005, 0.027, 0.0, 
0.346, 0.187, 0.04, 0.14, 0.032, 0.139, 0.078, 0.038, 
0.05, 0.028, 0.027, 0.011, 0.241, 0.213, 0.422, 0.008, 
0.007, 0.927, 0.009, 0.009, 0.01, 0.018, 0.003, 0.017, 
0.161, 0.704, 0.135, 0.0, 0.0, 0.0, 0.0, 0.0, 
0.129, 0.146, 0.662, 0.005, 0.022, 0.012, 0.005, 0.019, 
0.923, 0.009, 0.014, 0.005, 0.004, 0.045, 0.0, 0.0, 
0.025, 0.019, 0.773, 0.006, 0.102, 0.018, 0.057, 0.0, 
0.093, 0.281, 0.127, 0.253, 0.061, 0.059, 0.126, 0.0, 
0.947, 0.004, 0.002, 0.002, 0.012, 0.004, 0.029, 0.0, 
0.807, 0.003, 0.086, 0.01, 0.005, 0.089, 0.0, 0.0, 
0.027, 0.155, 0.056, 0.077, 0.163, 0.28, 0.15, 0.092, 
0.188, 0.006, 0.626, 0.013, 0.002, 0.165, 0.0, 0.0, 
0.3, 0.151, 0.07, 0.046, 0.169, 0.181, 0.035, 0.048, 
0.017, 0.015, 0.167, 0.009, 0.012, 0.05, 0.73, 0.0, 
0.188, 0.094, 0.706, 0.012, 0.0, 0.0, 0.0, 0.0, 
0.005, 0.895, 0.004, 0.007, 0.006, 0.004, 0.023, 0.056, 
0.021, 0.463, 0.006, 0.034, 0.441, 0.017, 0.018, 0.0, 
0.218, 0.211, 0.195, 0.063, 0.115, 0.112, 0.086, 0.0, 
0.022, 0.843, 0.009, 0.008, 0.022, 0.096, 0.0, 0.0, 
0.002, 0.951, 0.002, 0.003, 0.013, 0.004, 0.025, 0.0, 
0.009, 0.026, 0.843, 0.027, 0.04, 0.013, 0.011, 0.031, 
0.343, 0.018, 0.053, 0.192, 0.016, 0.294, 0.063, 0.021, 
0.514, 0.005, 0.028, 0.011, 0.006, 0.01, 0.424, 0.002, 
0.037, 0.022, 0.447, 0.002, 0.323, 0.002, 0.154, 0.013, 
0.023, 0.088, 0.122, 0.045, 0.394, 0.261, 0.012, 0.055, 
0.008, 0.969, 0.002, 0.006, 0.003, 0.007, 0.005, 0.0, 
0.242, 0.037, 0.125, 0.057, 0.038, 0.473, 0.028, 0.0, 
0.004, 0.935, 0.006, 0.008, 0.013, 0.004, 0.03, 0.0, 
0.004, 0.005, 0.002, 0.964, 0.002, 0.004, 0.019, 0.0, 
0.002, 0.013, 0.839, 0.076, 0.02, 0.019, 0.021, 0.01, 
0.24, 0.037, 0.33, 0.13, 0.179, 0.038, 0.046, 0.0, 
0.189, 0.052, 0.052, 0.057, 0.139, 0.395, 0.116, 0.0, 
0.038, 0.039, 0.656, 0.029, 0.036, 0.026, 0.137, 0.039, 
0.019, 0.037, 0.219, 0.041, 0.061, 0.36, 0.263, 0.0, 
0.01, 0.063, 0.162, 0.031, 0.327, 0.075, 0.242, 0.09, 
0.039, 0.154, 0.036, 0.285, 0.015, 0.007, 0.019, 0.445, 
0.242, 0.02, 0.038, 0.168, 0.404, 0.023, 0.105, 0.0, 
0.018, 0.045, 0.583, 0.044, 0.031, 0.228, 0.051, 0.0, 
0.008, 0.011, 0.276, 0.49, 0.195, 0.02, 0.0, 0.0, 
0.015, 0.413, 0.014, 0.007, 0.061, 0.281, 0.192, 0.017, 
0.029, 0.856, 0.029, 0.055, 0.031, 0.0, 0.0, 0.0, 
0.052, 0.032, 0.468, 0.021, 0.126, 0.086, 0.215, 0.0, 
0.011, 0.023, 0.261, 0.028, 0.292, 0.382, 0.003, 0.0, 
0.021, 0.069, 0.273, 0.024, 0.365, 0.149, 0.039, 0.06, 
0.064, 0.121, 0.512, 0.029, 0.196, 0.048, 0.007, 0.023, 
0.172, 0.194, 0.01, 0.04, 0.318, 0.031, 0.235, 0.0, 
0.087, 0.79, 0.031, 0.014, 0.037, 0.006, 0.004, 0.031, 
0.237, 0.084, 0.164, 0.13, 0.232, 0.06, 0.093, 0.0, 
0.154, 0.059, 0.105, 0.67, 0.012, 0.0, 0.0, 0.0, 
0.041, 0.052, 0.328, 0.491, 0.053, 0.035, 0.0, 0.0, 
0.036, 0.434, 0.012, 0.021, 0.08, 0.048, 0.369, 0.0, 
0.006, 0.026, 0.047, 0.336, 0.34, 0.005, 0.24, 0.0, 
0.109, 0.33, 0.203, 0.064, 0.191, 0.04, 0.042, 0.021, 
0.005, 0.921, 0.005, 0.005, 0.004, 0.023, 0.007, 0.03, 
0.036, 0.016, 0.329, 0.05, 0.377, 0.192, 0.0, 0.0, 
0.239, 0.282, 0.29, 0.078, 0.111, 0.0, 0.0, 0.0, 
0.025, 0.577, 0.025, 0.027, 0.012, 0.316, 0.004, 0.014, 
0.734, 0.016, 0.034, 0.013, 0.031, 0.168, 0.004, 0.0, 
0.008, 0.005, 0.941, 0.004, 0.002, 0.008, 0.032, 0.0, 
0.052, 0.064, 0.659, 0.006, 0.063, 0.015, 0.079, 0.062, 
0.028, 0.232, 0.372, 0.024, 0.003, 0.007, 0.02, 0.314, 
0.007, 0.309, 0.102, 0.397, 0.005, 0.009, 0.094, 0.077, 
0.06, 0.446, 0.011, 0.011, 0.318, 0.146, 0.008, 0.0, 
0.001, 0.001, 0.209, 0.488, 0.043, 0.091, 0.167, 0.0, 
0.169, 0.091, 0.717, 0.001, 0.003, 0.007, 0.012, 0.0, 
0.004, 0.002, 0.004, 0.963, 0.002, 0.003, 0.022, 0.0, 
0.008, 0.213, 0.694, 0.011, 0.008, 0.035, 0.031, 0.0, 
0.04, 0.228, 0.032, 0.203, 0.171, 0.071, 0.01, 0.245, 
0.415, 0.159, 0.078, 0.072, 0.161, 0.115, 0.0, 0.0, 
0.005, 0.006, 0.945, 0.014, 0.006, 0.003, 0.021, 0.0, 
0.165, 0.102, 0.005, 0.041, 0.009, 0.554, 0.008, 0.116, 
0.017, 0.11, 0.239, 0.074, 0.364, 0.135, 0.061, 0.0, 
0.008, 0.102, 0.104, 0.007, 0.023, 0.731, 0.025, 0.0, 
0.776, 0.063, 0.117, 0.007, 0.02, 0.017, 0.0, 0.0, 
0.007, 0.958, 0.001, 0.004, 0.004, 0.026, 0.0, 0.0, 
0.624, 0.055, 0.321, 0.0, 0.0, 0.0, 0.0, 0.0, 
0.007, 0.967, 0.012, 0.014, 0.0, 0.0, 0.0, 0.0, 
0.078, 0.178, 0.607, 0.002, 0.005, 0.013, 0.117, 0.0, 
0.348, 0.473, 0.009, 0.073, 0.027, 0.07, 0.0, 0.0, 
0.221, 0.011, 0.043, 0.448, 0.001, 0.274, 0.002, 0.0, 
0.346, 0.025, 0.015, 0.224, 0.237, 0.058, 0.082, 0.013, 
0.94, 0.007, 0.006, 0.004, 0.021, 0.003, 0.019, 0.0, 
0.049, 0.225, 0.046, 0.316, 0.115, 0.195, 0.054, 0.0, 
0.397, 0.058, 0.537, 0.002, 0.006, 0.0, 0.0, 0.0, 
0.057, 0.038, 0.593, 0.128, 0.029, 0.069, 0.068, 0.018, 
0.083, 0.141, 0.003, 0.752, 0.021, 0.0, 0.0, 0.0, 
0.022, 0.294, 0.008, 0.011, 0.623, 0.009, 0.033, 0.0, 
0.252, 0.096, 0.011, 0.143, 0.141, 0.052, 0.224, 0.081, 
0.069, 0.109, 0.45, 0.06, 0.312, 0.0, 0.0, 0.0, 
0.788, 0.026, 0.18, 0.006, 0.0, 0.0, 0.0, 0.0, 
0.01, 0.085, 0.82, 0.005, 0.028, 0.025, 0.023, 0.004, 
0.08, 0.024, 0.857, 0.016, 0.021, 0.002, 0.0, 0.0, 
0.272, 0.166, 0.026, 0.009, 0.082, 0.346, 0.099, 0.0, 
0.052, 0.038, 0.229, 0.435, 0.003, 0.02, 0.004, 0.219, 
0.005, 0.496, 0.034, 0.029, 0.311, 0.054, 0.062, 0.009, 
0.129, 0.271, 0.431, 0.152, 0.017, 0.0, 0.0, 0.0, 
0.021, 0.241, 0.54, 0.198, 0.0, 0.0, 0.0, 0.0, 
0.002, 0.22, 0.041, 0.138, 0.191, 0.047, 0.361, 0.0, 
0.205, 0.041, 0.036, 0.195, 0.051, 0.392, 0.08, 0.0, 
0.489, 0.032, 0.093, 0.227, 0.015, 0.144, 0.0, 0.0, 
0.016, 0.099, 0.028, 0.528, 0.02, 0.027, 0.282, 0.0, 
0.085, 0.084, 0.831, 0.0, 0.0, 0.0, 0.0, 0.0, 
0.003, 0.957, 0.002, 0.002, 0.008, 0.028, 0.0, 0.0, 
0.956, 0.005, 0.006, 0.004, 0.003, 0.004, 0.022, 0.0, 
0.012, 0.328, 0.042, 0.196, 0.203, 0.176, 0.043, 0.0, 
0.002, 0.007, 0.956, 0.002, 0.006, 0.003, 0.024, 0.0, 
0.048, 0.687, 0.013, 0.052, 0.142, 0.017, 0.017, 0.024, 
0.696, 0.04, 0.154, 0.004, 0.004, 0.01, 0.092, 0.0, 
0.023, 0.049, 0.025, 0.386, 0.045, 0.375, 0.014, 0.083, 
0.029, 0.239, 0.078, 0.059, 0.03, 0.291, 0.274, 0.0, 
0.004, 0.955, 0.012, 0.008, 0.008, 0.008, 0.005, 0.0, 
0.01, 0.139, 0.777, 0.008, 0.054, 0.012, 0.0, 0.0, 
0.103, 0.037, 0.463, 0.024, 0.069, 0.066, 0.035, 0.203, 
0.352, 0.096, 0.364, 0.072, 0.116, 0.0, 0.0, 0.0, 
0.03, 0.703, 0.013, 0.009, 0.036, 0.019, 0.077, 0.113, 
0.412, 0.091, 0.419, 0.06, 0.018, 0.0, 0.0, 0.0, 
0.066, 0.007, 0.03, 0.15, 0.569, 0.072, 0.027, 0.079, 
0.492, 0.227, 0.055, 0.066, 0.072, 0.032, 0.056, 0.0, 
0.03, 0.014, 0.285, 0.482, 0.002, 0.103, 0.084, 0.0, 
0.002, 0.003, 0.955, 0.005, 0.035, 0.0, 0.0, 0.0, 
0.011, 0.763, 0.057, 0.028, 0.009, 0.124, 0.008, 0.0, 
0.502, 0.042, 0.026, 0.016, 0.025, 0.139, 0.007, 0.243, 
0.004, 0.006, 0.001, 0.945, 0.003, 0.009, 0.006, 0.026, 
0.941, 0.004, 0.055, 0.0, 0.0, 0.0, 0.0, 0.0, 
0.003, 0.493, 0.127, 0.247, 0.13, 0.0, 0.0, 0.0, 
0.801, 0.034, 0.012, 0.056, 0.072, 0.009, 0.016, 0.0, 
0.063, 0.164, 0.006, 0.261, 0.284, 0.003, 0.187, 0.032, 
0.652, 0.03, 0.055, 0.026, 0.027, 0.114, 0.068, 0.028, 
0.049, 0.866, 0.017, 0.012, 0.034, 0.014, 0.008, 0.0, 
0.003, 0.007, 0.959, 0.002, 0.004, 0.025, 0.0, 0.0, 
0.019, 0.1, 0.194, 0.346, 0.002, 0.339, 0.0, 0.0, 
0.013, 0.073, 0.121, 0.006, 0.016, 0.684, 0.087, 0.0, 
0.072, 0.006, 0.171, 0.012, 0.319, 0.033, 0.387, 0.0, 
0.096, 0.033, 0.117, 0.265, 0.381, 0.108, 0.0, 0.0, 
0.002, 0.953, 0.002, 0.002, 0.011, 0.004, 0.026, 0.0, 
0.032, 0.043, 0.759, 0.066, 0.069, 0.031, 0.0, 0.0, 
0.59, 0.003, 0.043, 0.011, 0.211, 0.067, 0.075, 0.0, 
0.198, 0.04, 0.039, 0.055, 0.264, 0.404, 0.0, 0.0, 
0.107, 0.023, 0.119, 0.233, 0.17, 0.264, 0.084, 0.0, 
0.03, 0.312, 0.01, 0.036, 0.501, 0.087, 0.024, 0.0, 
0.024, 0.088, 0.019, 0.671, 0.034, 0.039, 0.033, 0.092, 
0.02, 0.007, 0.007, 0.896, 0.017, 0.013, 0.01, 0.03, 
0.188, 0.028, 0.462, 0.019, 0.015, 0.023, 0.265, 0.0, 
0.034, 0.208, 0.008, 0.627, 0.002, 0.001, 0.12, 0.0, 
0.013, 0.019, 0.31, 0.34, 0.318, 0.0, 0.0, 0.0, 
0.743, 0.027, 0.015, 0.005, 0.015, 0.173, 0.008, 0.014, 
0.043, 0.068, 0.041, 0.178, 0.099, 0.068, 0.18, 0.323, 
0.1, 0.371, 0.001, 0.052, 0.025, 0.068, 0.383, 0.0, 
0.009, 0.941, 0.01, 0.006, 0.013, 0.004, 0.017, 0.0, 
0.067, 0.304, 0.028, 0.056, 0.037, 0.03, 0.478, 0.0, 
0.949, 0.004, 0.018, 0.004, 0.025, 0.0, 0.0, 0.0, 
0.075, 0.024, 0.054, 0.062, 0.05, 0.073, 0.112, 0.55, 
0.184, 0.344, 0.025, 0.046, 0.021, 0.319, 0.034, 0.027, 
0.005, 0.208, 0.45, 0.096, 0.241, 0.0, 0.0, 0.0, 
0.015, 0.051, 0.188, 0.035, 0.177, 0.187, 0.347, 0.0, 
0.008, 0.481, 0.006, 0.006, 0.469, 0.03, 0.0, 0.0, 
0.917, 0.002, 0.006, 0.002, 0.023, 0.002, 0.048, 0.0, 
0.21, 0.152, 0.028, 0.178, 0.119, 0.203, 0.047, 0.063, 
0.091, 0.035, 0.041, 0.164, 0.021, 0.609, 0.01, 0.029, 
0.214, 0.031, 0.056, 0.203, 0.021, 0.013, 0.103, 0.359, 
0.603, 0.014, 0.03, 0.312, 0.016, 0.021, 0.004, 0.0, 
0.426, 0.08, 0.286, 0.116, 0.037, 0.055, 0.0, 0.0, 
0.002, 0.003, 0.971, 0.002, 0.022, 0.0, 0.0, 0.0, 
0.026, 0.893, 0.011, 0.03, 0.012, 0.028, 0.0, 0.0, 
0.027, 0.021, 0.027, 0.327, 0.046, 0.434, 0.118, 0.0, 
0.934, 0.004, 0.005, 0.006, 0.003, 0.022, 0.005, 0.021, 
0.215, 0.128, 0.218, 0.046, 0.142, 0.117, 0.134, 0.0, 
0.213, 0.089, 0.476, 0.044, 0.135, 0.043, 0.0, 0.0, 
0.007, 0.95, 0.002, 0.009, 0.005, 0.027, 0.0, 0.0, 
0.944, 0.004, 0.002, 0.011, 0.005, 0.002, 0.032, 0.0, 
0.003, 0.95, 0.002, 0.002, 0.002, 0.008, 0.005, 0.028, 
0.092, 0.423, 0.049, 0.104, 0.114, 0.136, 0.059, 0.023, 
0.956, 0.002, 0.015, 0.027, 0.0, 0.0, 0.0, 0.0, 
0.005, 0.001, 0.961, 0.007, 0.026, 0.0, 0.0, 0.0, 
0.049, 0.177, 0.005, 0.747, 0.022, 0.0, 0.0, 0.0, 
0.07, 0.086, 0.734, 0.012, 0.098, 0.0, 0.0, 0.0, 
0.025, 0.31, 0.517, 0.003, 0.145, 0.0, 0.0, 0.0, 
0.032, 0.025, 0.879, 0.006, 0.03, 0.009, 0.006, 0.013, 
0.004, 0.951, 0.002, 0.008, 0.008, 0.027, 0.0, 0.0, 
0.97, 0.003, 0.027, 0.0, 0.0, 0.0, 0.0, 0.0, 
0.183, 0.06, 0.14, 0.192, 0.387, 0.038, 0.0, 0.0, 
0.009, 0.25, 0.627, 0.01, 0.004, 0.027, 0.069, 0.004, 
0.597, 0.003, 0.031, 0.369, 0.0, 0.0, 0.0, 0.0, 
0.005, 0.953, 0.002, 0.004, 0.002, 0.005, 0.029, 0.0, 
0.275, 0.551, 0.004, 0.018, 0.152, 0.0, 0.0, 0.0, 
0.002, 0.944, 0.003, 0.003, 0.017, 0.005, 0.026, 0.0, 
0.269, 0.013, 0.012, 0.023, 0.123, 0.052, 0.363, 0.145, 
0.008, 0.025, 0.697, 0.01, 0.03, 0.005, 0.022, 0.203, 
0.007, 0.003, 0.969, 0.003, 0.002, 0.016, 0.0, 0.0, 
0.019, 0.805, 0.024, 0.043, 0.024, 0.05, 0.016, 0.019, 
0.034, 0.041, 0.423, 0.057, 0.255, 0.077, 0.113, 0.0, 
0.562, 0.003, 0.037, 0.021, 0.256, 0.076, 0.045, 0.0, 
0.942, 0.003, 0.003, 0.006, 0.013, 0.005, 0.028, 0.0, 
0.031, 0.069, 0.203, 0.371, 0.326, 0.0, 0.0, 0.0, 
0.947, 0.004, 0.004, 0.015, 0.004, 0.026, 0.0, 0.0, 
0.129, 0.032, 0.008, 0.068, 0.427, 0.002, 0.334, 0.0, 
0.004, 0.944, 0.004, 0.002, 0.002, 0.014, 0.006, 0.024, 
0.003, 0.95, 0.003, 0.011, 0.004, 0.029, 0.0, 0.0, 
0.022, 0.56, 0.298, 0.12, 0.0, 0.0, 0.0, 0.0, 
0.003, 0.002, 0.964, 0.002, 0.011, 0.018, 0.0, 0.0, 
0.469, 0.076, 0.03, 0.05, 0.026, 0.098, 0.158, 0.093, 
1, 0.0, 0.0, 0.0, 0.0, 0.0, 0.0, 0.0, 
0.009, 0.956, 0.002, 0.001, 0.002, 0.005, 0.025, 0.0, 
0.349, 0.026, 0.025, 0.015, 0.284, 0.153, 0.022, 0.126, 
0.172, 0.101, 0.027, 0.102, 0.13, 0.348, 0.064, 0.056, 
0.941, 0.005, 0.005, 0.001, 0.02, 0.006, 0.022, 0.0, 
0.922, 0.005, 0.004, 0.006, 0.028, 0.003, 0.032, 0.0, 
0.003, 0.95, 0.019, 0.013, 0.015, 0.0, 0.0, 0.0, 
0.007, 0.006, 0.913, 0.006, 0.008, 0.005, 0.025, 0.03, 
0.078, 0.843, 0.046, 0.018, 0.01, 0.005, 0.0, 0.0, 
0.002, 0.955, 0.01, 0.004, 0.029, 0.0, 0.0, 0.0, 
0.935, 0.005, 0.005, 0.004, 0.03, 0.021, 0.0, 0.0, 
0.001, 0.949, 0.007, 0.004, 0.005, 0.003, 0.031, 0.0, 
0.006, 0.026, 0.83, 0.054, 0.057, 0.027, 0.0, 0.0, 
0.004, 0.029, 0.017, 0.856, 0.023, 0.011, 0.007, 0.053, 
