0.243, 0.356, 0.336, 0.065, 
0.224, 0.157, 0.439, 0.18, 
0.434, 0.023, 0.147, 0.396, 
0.483, 0.201, 0.315, 0.001, 
0.077, 0.229, 0.578, 0.116, 
0.255, 0.251, 0.061, 0.433, 
0.073, 0.051, 0.12, 0.756, 
0.097, 0.115, 0.788, 0.0, 
0.023, 0.665, 0.002, 0.31, 
0.177, 0.067, 0.756, 0.0, 
0.336, 0.141, 0.156, 0.367, 
0.587, 0.284, 0.097, 0.032, 
0.665, 0.066, 0.157, 0.112, 
0.536, 0.184, 0.073, 0.207, 
0.37, 0.205, 0.337, 0.088, 
0.331, 0.255, 0.23, 0.184, 
0.658, 0.125, 0.18, 0.037, 
0.216, 0.118, 0.237, 0.429, 
0.008, 0.237, 0.628, 0.127, 
0.217, 0.306, 0.101, 0.376, 
0.118, 0.574, 0.182, 0.126, 
0.8, 0.02, 0.145, 0.035, 
0.159, 0.177, 0.368, 0.296, 
0.068, 0.073, 0.243, 0.616, 
0.269, 0.235, 0.125, 0.371, 
0.312, 0.145, 0.241, 0.302, 
0.059, 0.106, 0.059, 0.776, 
0.1, 0.61, 0.039, 0.251, 
0.154, 0.623, 0.098, 0.125, 
0.1, 0.03, 0.847, 0.023, 
0.118, 0.782, 0.075, 0.025, 
0.448, 0.159, 0.38, 0.013, 
0.257, 0.256, 0.243, 0.244, 
0.105, 0.253, 0.571, 0.071, 
0.445, 0.241, 0.223, 0.091, 
0.467, 0.133, 0.282, 0.118, 
0.543, 0.313, 0.068, 0.076, 
0.58, 0.075, 0.272, 0.073, 
0.053, 0.038, 0.874, 0.035, 
0.611, 0.332, 0.035, 0.022, 
0.239, 0.146, 0.439, 0.176, 
0.425, 0.269, 0.255, 0.051, 
0.182, 0.275, 0.499, 0.044, 
0.281, 0.268, 0.066, 0.385, 
0.598, 0.301, 0.03, 0.071, 
0.552, 0.016, 0.388, 0.044, 
0.012, 0.461, 0.159, 0.368, 
0.01, 0.149, 0.73, 0.111, 
0.602, 0.293, 0.039, 0.066, 
0.631, 0.257, 0.011, 0.101, 
0.209, 0.222, 0.511, 0.058, 
0.047, 0.523, 0.099, 0.331, 
0.075, 0.129, 0.755, 0.041, 
0.421, 0.213, 0.21, 0.156, 
0.832, 0.06, 0.074, 0.034, 
0.295, 0.261, 0.326, 0.118, 
0.184, 0.294, 0.424, 0.098, 
0.498, 0.231, 0.261, 0.01, 
0.639, 0.201, 0.16, 0.0, 
0.254, 0.068, 0.094, 0.584, 
0.763, 0.07, 0.033, 0.134, 
0.523, 0.129, 0.094, 0.254, 
0.143, 0.139, 0.465, 0.253, 
0.285, 0.174, 0.486, 0.055, 
0.685, 0.058, 0.224, 0.033, 
0.102, 0.071, 0.067, 0.76, 
0.106, 0.084, 0.55, 0.26, 
0.294, 0.213, 0.281, 0.212, 
0.305, 0.16, 0.326, 0.209, 
0.075, 0.065, 0.759, 0.101, 
0.575, 0.317, 0.055, 0.053, 
0.112, 0.351, 0.537, 0.0, 
0.281, 0.22, 0.449, 0.05, 
0.575, 0.347, 0.039, 0.039, 
0.326, 0.092, 0.36, 0.222, 
0.542, 0.215, 0.125, 0.118, 
0.626, 0.193, 0.105, 0.076, 
0.124, 0.072, 0.357, 0.447, 
0.266, 0.122, 0.399, 0.213, 
0.027, 0.479, 0.107, 0.387, 
0.096, 0.339, 0.134, 0.431, 
0.172, 0.129, 0.274, 0.425, 
0.165, 0.364, 0.222, 0.249, 
0.417, 0.08, 0.298, 0.205, 
0.095, 0.54, 0.365, 0.0, 
0.469, 0.216, 0.242, 0.073, 
0.247, 0.136, 0.442, 0.175, 
0.294, 0.143, 0.328, 0.235, 
0.573, 0.148, 0.214, 0.065, 
0.745, 0.151, 0.093, 0.011, 
0.148, 0.524, 0.15, 0.178, 
0.15, 0.587, 0.124, 0.139, 
0.472, 0.224, 0.184, 0.12, 
0.154, 0.653, 0.08, 0.113, 
0.076, 0.844, 0.08, 0.0, 
0.101, 0.028, 0.787, 0.084, 
0.047, 0.099, 0.043, 0.811, 
0.173, 0.061, 0.597, 0.169, 
0.251, 0.352, 0.267, 0.13, 
0.459, 0.231, 0.13, 0.18, 
0.454, 0.251, 0.069, 0.226, 
0.547, 0.14, 0.267, 0.046, 
0.094, 0.035, 0.09, 0.781, 
0.06, 0.028, 0.187, 0.725, 
0.443, 0.263, 0.236, 0.058, 
0.466, 0.162, 0.23, 0.142, 
0.244, 0.292, 0.081, 0.383, 
0.232, 0.342, 0.121, 0.305, 
0.196, 0.396, 0.175, 0.233, 
0.12, 0.251, 0.458, 0.171, 
0.041, 0.328, 0.088, 0.543, 
0.129, 0.234, 0.101, 0.536, 
0.182, 0.254, 0.102, 0.462, 
0.699, 0.091, 0.118, 0.092, 
0.137, 0.05, 0.121, 0.692, 
0.191, 0.021, 0.135, 0.653, 
0.216, 0.152, 0.632, 0.0, 
0.04, 0.26, 0.204, 0.496, 
0.042, 0.3, 0.06, 0.598, 
0.057, 0.276, 0.064, 0.603, 
0.024, 0.13, 0.148, 0.698, 
0.073, 0.184, 0.125, 0.618, 
0.608, 0.04, 0.149, 0.203, 
0.031, 0.052, 0.113, 0.804, 
0.22, 0.01, 0.213, 0.557, 
0.577, 0.096, 0.125, 0.202, 
0.085, 0.063, 0.19, 0.662, 
0.341, 0.171, 0.283, 0.205, 
0.026, 0.27, 0.119, 0.585, 
0.727, 0.046, 0.162, 0.065, 
0.523, 0.016, 0.246, 0.215, 
0.197, 0.353, 0.039, 0.411, 
0.192, 0.078, 0.569, 0.161, 
0.071, 0.108, 0.099, 0.722, 
0.165, 0.124, 0.149, 0.562, 
0.422, 0.21, 0.044, 0.324, 
0.337, 0.032, 0.208, 0.423, 
0.284, 0.069, 0.162, 0.485, 
0.251, 0.137, 0.107, 0.505, 
0.488, 0.247, 0.142, 0.123, 
0.42, 0.282, 0.213, 0.085, 
0.424, 0.339, 0.18, 0.057, 
0.463, 0.415, 0.108, 0.014, 
0.554, 0.379, 0.067, 0.0, 
0.576, 0.325, 0.099, 0.0, 
0.612, 0.243, 0.145, 0.0, 
0.651, 0.15, 0.199, 0.0, 
0.663, 0.094, 0.05, 0.193, 
0.561, 0.134, 0.145, 0.16, 
0.383, 0.242, 0.311, 0.064, 
0.467, 0.193, 0.195, 0.145, 
0.492, 0.158, 0.159, 0.191, 
0.588, 0.096, 0.08, 0.236, 
0.524, 0.089, 0.271, 0.116, 
0.527, 0.164, 0.236, 0.073, 
0.505, 0.215, 0.198, 0.082, 
0.461, 0.212, 0.174, 0.153, 
0.418, 0.16, 0.173, 0.249, 
0.389, 0.095, 0.185, 0.331, 
0.353, 0.205, 0.442, 0.0, 
0.169, 0.181, 0.435, 0.215, 
0.229, 0.217, 0.404, 0.15, 
0.277, 0.253, 0.41, 0.06, 
0.227, 0.369, 0.17, 0.234, 
0.12, 0.195, 0.281, 0.404, 
0.146, 0.551, 0.093, 0.21, 
0.592, 0.27, 0.138, 0.0, 
0.191, 0.148, 0.27, 0.391, 
0.27, 0.151, 0.326, 0.253, 
0.447, 0.16, 0.083, 0.31, 
0.236, 0.351, 0.184, 0.229, 
0.07, 0.333, 0.272, 0.325, 
0.22, 0.633, 0.032, 0.115, 
0.378, 0.622, 0.0, 0.0, 
0.075, 0.296, 0.357, 0.272, 
0.092, 0.908, 0.0, 0.0, 
0.118, 0.641, 0.198, 0.043, 
0.203, 0.356, 0.099, 0.342, 
0.236, 0.343, 0.186, 0.235, 
0.216, 0.287, 0.227, 0.27, 
0.259, 0.323, 0.177, 0.241, 
0.249, 0.273, 0.223, 0.255, 
0.253, 0.201, 0.264, 0.282, 
0.23, 0.214, 0.281, 0.275, 
0.3, 0.278, 0.167, 0.255, 
0.282, 0.271, 0.19, 0.257, 
0.273, 0.278, 0.194, 0.255, 
0.294, 0.291, 0.164, 0.251, 
0.188, 0.254, 0.159, 0.399, 
0.212, 0.254, 0.184, 0.35, 
0.238, 0.238, 0.218, 0.306, 
0.265, 0.28, 0.201, 0.254, 
0.286, 0.301, 0.165, 0.248, 
0.259, 0.277, 0.21, 0.254, 
0.273, 0.312, 0.17, 0.245, 
0.252, 0.234, 0.235, 0.279, 
0.186, 0.207, 0.304, 0.303, 
0.019, 0.024, 0.559, 0.398, 
0.424, 0.239, 0.295, 0.042, 
0.017, 0.635, 0.284, 0.064, 
0.756, 0.099, 0.041, 0.104, 
0.656, 0.106, 0.163, 0.075, 
0.712, 0.114, 0.105, 0.069, 
0.668, 0.194, 0.059, 0.079, 
0.623, 0.234, 0.14, 0.003, 
0.683, 0.221, 0.05, 0.046, 
0.59, 0.295, 0.054, 0.061, 
0.11, 0.662, 0.145, 0.083, 
0.59, 0.226, 0.151, 0.033, 
0.397, 0.197, 0.283, 0.123, 
0.052, 0.594, 0.313, 0.041, 
0.397, 0.075, 0.318, 0.21, 
0.025, 0.521, 0.319, 0.135, 
0.57, 0.273, 0.12, 0.037, 
0.049, 0.632, 0.162, 0.157, 
0.419, 0.147, 0.158, 0.276, 
0.155, 0.155, 0.419, 0.271, 
0.323, 0.285, 0.327, 0.065, 
0.565, 0.22, 0.181, 0.034, 
0.335, 0.087, 0.427, 0.151, 
0.061, 0.461, 0.244, 0.234, 
0.231, 0.073, 0.615, 0.081, 
0.303, 0.165, 0.348, 0.184, 
0.395, 0.164, 0.036, 0.405, 
0.113, 0.567, 0.217, 0.103, 
0.235, 0.072, 0.465, 0.228, 
0.199, 0.163, 0.412, 0.226, 
0.237, 0.25, 0.285, 0.228, 
0.339, 0.208, 0.279, 0.174, 
0.247, 0.175, 0.322, 0.256, 
0.201, 0.176, 0.214, 0.409, 
0.269, 0.157, 0.228, 0.346, 
0.363, 0.135, 0.224, 0.278, 
0.24, 0.387, 0.289, 0.084, 
0.302, 0.33, 0.361, 0.007, 
0.231, 0.068, 0.403, 0.298, 
0.181, 0.046, 0.445, 0.328, 
0.245, 0.101, 0.389, 0.265, 
0.275, 0.071, 0.377, 0.277, 
0.324, 0.348, 0.234, 0.094, 
0.241, 0.427, 0.275, 0.057, 
0.317, 0.216, 0.268, 0.199, 
0.249, 0.123, 0.386, 0.242, 
0.062, 0.29, 0.347, 0.301, 
0.079, 0.354, 0.343, 0.224, 
0.272, 0.398, 0.253, 0.077, 
0.305, 0.3, 0.219, 0.176, 
0.17, 0.477, 0.274, 0.079, 
0.244, 0.38, 0.252, 0.124, 
0.194, 0.462, 0.285, 0.059, 
0.124, 0.483, 0.148, 0.245, 
0.106, 0.516, 0.112, 0.266, 
0.055, 0.554, 0.038, 0.353, 
0.604, 0.298, 0.098, 0.0, 
0.598, 0.235, 0.167, 0.0, 
0.135, 0.474, 0.315, 0.076, 
0.597, 0.205, 0.119, 0.079, 
0.553, 0.207, 0.137, 0.103, 
0.62, 0.244, 0.065, 0.071, 
0.336, 0.282, 0.116, 0.266, 
0.117, 0.468, 0.253, 0.162, 
0.55, 0.266, 0.164, 0.02, 
0.287, 0.308, 0.098, 0.307, 
0.222, 0.399, 0.24, 0.139, 
0.108, 0.544, 0.057, 0.291, 
0.468, 0.172, 0.247, 0.113, 
0.408, 0.286, 0.126, 0.18, 
0.19, 0.47, 0.155, 0.185, 
0.187, 0.273, 0.184, 0.356, 
0.204, 0.417, 0.218, 0.161, 
0.334, 0.281, 0.259, 0.126, 
0.359, 0.272, 0.179, 0.19, 
0.037, 0.111, 0.526, 0.326, 
1, 0.0, 0.0, 0.0, 
0.098, 0.329, 0.264, 0.309, 
0.226, 0.229, 0.135, 0.41, 
0.496, 0.172, 0.199, 0.133, 
0.485, 0.112, 0.18, 0.223, 
0.145, 0.125, 0.181, 0.549, 
0.474, 0.131, 0.242, 0.153, 
0.424, 0.154, 0.291, 0.131, 
0.418, 0.098, 0.27, 0.214, 
0.467, 0.075, 0.223, 0.235, 
0.36, 0.154, 0.333, 0.153, 
0.404, 0.268, 0.207, 0.121, 
0.371, 0.233, 0.207, 0.189, 
0.471, 0.32, 0.069, 0.14, 
0.196, 0.544, 0.089, 0.171, 
0.122, 0.502, 0.233, 0.143, 
0.506, 0.332, 0.107, 0.055, 
0.223, 0.529, 0.124, 0.124, 
0.669, 0.087, 0.178, 0.066, 
0.582, 0.245, 0.134, 0.039, 
0.135, 0.018, 0.545, 0.302, 
0.195, 0.477, 0.108, 0.22, 
0.315, 0.375, 0.275, 0.035, 
0.386, 0.274, 0.157, 0.183, 
0.526, 0.089, 0.355, 0.03, 
0.356, 0.28, 0.304, 0.06, 
0.377, 0.295, 0.186, 0.142, 
0.348, 0.352, 0.199, 0.101, 
0.434, 0.129, 0.188, 0.249, 
0.155, 0.218, 0.276, 0.351, 
0.539, 0.072, 0.083, 0.306, 
0.387, 0.16, 0.152, 0.301, 
0.191, 0.261, 0.419, 0.129, 
0.577, 0.014, 0.188, 0.221, 
0.552, 0.015, 0.168, 0.265, 
0.577, 0.195, 0.075, 0.153, 
0.069, 0.455, 0.225, 0.251, 
0.549, 0.273, 0.178, 0.0, 
0.496, 0.113, 0.166, 0.225, 
0.073, 0.483, 0.319, 0.125, 
0.27, 0.171, 0.234, 0.325, 
0.318, 0.055, 0.541, 0.086, 
0.443, 0.192, 0.116, 0.249, 
0.36, 0.217, 0.282, 0.141, 
0.354, 0.097, 0.424, 0.125, 
0.188, 0.135, 0.284, 0.393, 
0.197, 0.072, 0.181, 0.55, 
0.221, 0.288, 0.226, 0.265, 
0.224, 0.316, 0.09, 0.37, 
0.174, 0.284, 0.289, 0.253, 
0.085, 0.097, 0.722, 0.096, 
0.185, 0.218, 0.181, 0.416, 
0.269, 0.112, 0.161, 0.458, 
0.153, 0.144, 0.595, 0.108, 
0.076, 0.281, 0.498, 0.145, 
0.425, 0.34, 0.018, 0.217, 
0.406, 0.205, 0.176, 0.213, 
0.17, 0.198, 0.412, 0.22, 
0.136, 0.384, 0.266, 0.214, 
0.191, 0.27, 0.309, 0.23, 
0.184, 0.156, 0.332, 0.328, 
0.083, 0.41, 0.313, 0.194, 
0.108, 0.33, 0.409, 0.153, 
0.241, 0.142, 0.331, 0.286, 
0.18, 0.206, 0.48, 0.134, 
0.138, 0.335, 0.212, 0.315, 
0.086, 0.58, 0.104, 0.23, 
0.051, 0.649, 0.166, 0.134, 
0.423, 0.122, 0.082, 0.373, 
0.179, 0.078, 0.259, 0.484, 
0.058, 0.144, 0.227, 0.571, 
0.277, 0.115, 0.08, 0.528, 
0.348, 0.194, 0.145, 0.313, 
0.315, 0.048, 0.168, 0.469, 
0.234, 0.08, 0.143, 0.543, 
0.37, 0.146, 0.108, 0.376, 
0.34, 0.152, 0.146, 0.362, 
0.054, 0.358, 0.588, 0.0, 
0.064, 0.581, 0.355, 0.0, 
0.204, 0.2, 0.29, 0.306, 
0.101, 0.396, 0.464, 0.039, 
0.22, 0.183, 0.354, 0.243, 
0.246, 0.361, 0.226, 0.167, 
0.321, 0.091, 0.114, 0.474, 
0.007, 0.136, 0.336, 0.521, 
0.098, 0.381, 0.521, 0.0, 
0.432, 0.142, 0.065, 0.361, 
0.023, 0.293, 0.284, 0.4, 
0.114, 0.2, 0.23, 0.456, 
0.389, 0.175, 0.092, 0.344, 
0.355, 0.223, 0.095, 0.327, 
0.447, 0.353, 0.2, 0.0, 
0.322, 0.283, 0.105, 0.29, 
0.29, 0.259, 0.19, 0.261, 
0.34, 0.491, 0.035, 0.134, 
0.333, 0.242, 0.364, 0.061, 
0.207, 0.175, 0.421, 0.197, 
0.073, 0.505, 0.015, 0.407, 
0.2, 0.212, 0.491, 0.097, 
0.179, 0.092, 0.597, 0.132, 
0.407, 0.08, 0.172, 0.341, 
0.112, 0.338, 0.418, 0.132, 
0.293, 0.073, 0.566, 0.068, 
0.114, 0.4, 0.292, 0.194, 
0.323, 0.117, 0.384, 0.176, 
0.143, 0.506, 0.095, 0.256, 
0.123, 0.251, 0.359, 0.267, 
0.181, 0.236, 0.135, 0.448, 
0.151, 0.049, 0.634, 0.166, 
0.112, 0.622, 0.266, 0.0, 
0.115, 0.508, 0.305, 0.072, 
0.158, 0.448, 0.39, 0.004, 
0.142, 0.269, 0.297, 0.292, 
0.125, 0.494, 0.193, 0.188, 
0.021, 0.421, 0.363, 0.195, 
0.068, 0.195, 0.594, 0.143, 
0.093, 0.207, 0.335, 0.365, 
0.233, 0.038, 0.46, 0.269, 
0.229, 0.078, 0.253, 0.44, 
0.23, 0.431, 0.176, 0.163, 
0.312, 0.383, 0.139, 0.166, 
0.034, 0.243, 0.483, 0.24, 
0.148, 0.084, 0.442, 0.326, 
0.158, 0.008, 0.379, 0.455, 
0.289, 0.104, 0.379, 0.228, 
0.291, 0.239, 0.254, 0.216, 
0.128, 0.198, 0.404, 0.27, 
0.268, 0.152, 0.227, 0.353, 
0.291, 0.261, 0.33, 0.118, 
0.305, 0.106, 0.442, 0.147, 
0.306, 0.079, 0.239, 0.376, 
0.342, 0.1, 0.151, 0.407, 
0.301, 0.151, 0.412, 0.136, 
0.416, 0.22, 0.124, 0.24, 
0.253, 0.352, 0.046, 0.349, 
0.394, 0.215, 0.198, 0.193, 
0.384, 0.16, 0.187, 0.269, 
0.403, 0.193, 0.161, 0.243, 
0.083, 0.231, 0.31, 0.376, 
0.323, 0.439, 0.121, 0.117, 
0.384, 0.183, 0.258, 0.175, 
0.349, 0.151, 0.021, 0.479, 
0.035, 0.147, 0.325, 0.493, 
0.353, 0.405, 0.064, 0.178, 
0.294, 0.144, 0.338, 0.224, 
0.212, 0.521, 0.165, 0.102, 
0.058, 0.124, 0.198, 0.62, 
0.115, 0.531, 0.04, 0.314, 
0.432, 0.22, 0.122, 0.226, 
0.182, 0.316, 0.247, 0.255, 
0.251, 0.612, 0.137, 0.0, 
0.195, 0.515, 0.148, 0.142, 
0.291, 0.368, 0.176, 0.165, 
0.252, 0.195, 0.385, 0.168, 
0.14, 0.327, 0.336, 0.197, 
0.206, 0.223, 0.329, 0.242, 
0.31, 0.231, 0.077, 0.382, 
0.278, 0.189, 0.192, 0.341, 
0.13, 0.305, 0.458, 0.107, 
0.098, 0.314, 0.481, 0.107, 
0.044, 0.439, 0.434, 0.083, 
0.066, 0.446, 0.364, 0.124, 
0.211, 0.306, 0.404, 0.079, 
0.307, 0.176, 0.353, 0.164, 
0.369, 0.175, 0.223, 0.233, 
0.137, 0.413, 0.016, 0.434, 
0.209, 0.262, 0.331, 0.198, 
0.229, 0.256, 0.394, 0.121, 
0.135, 0.39, 0.386, 0.089, 
0.136, 0.368, 0.314, 0.182, 
0.298, 0.134, 0.239, 0.329, 
0.12, 0.381, 0.268, 0.231, 
0.126, 0.472, 0.161, 0.241, 
0.105, 0.354, 0.249, 0.292, 
0.082, 0.059, 0.657, 0.202, 
0.103, 0.064, 0.275, 0.558, 
0.162, 0.136, 0.208, 0.494, 
0.321, 0.246, 0.15, 0.283, 
0.339, 0.222, 0.263, 0.176, 
0.375, 0.276, 0.145, 0.204, 
0.39, 0.279, 0.057, 0.274, 
0.395, 0.318, 0.088, 0.199, 
0.358, 0.253, 0.071, 0.318, 
0.022, 0.17, 0.349, 0.459, 
0.008, 0.166, 0.358, 0.468, 
0.208, 0.34, 0.452, 0.0, 
0.179, 0.345, 0.03, 0.446, 
0.451, 0.027, 0.198, 0.324, 
0.405, 0.274, 0.321, 0.0, 
0.043, 0.205, 0.45, 0.302, 
0.441, 0.212, 0.347, 0.0, 
0.433, 0.22, 0.347, 0.0, 
0.35, 0.327, 0.323, 0.0, 
0.355, 0.325, 0.32, 0.0, 
0.251, 0.294, 0.239, 0.216, 
0.342, 0.333, 0.325, 0.0, 
0.356, 0.32, 0.324, 0.0, 
0.349, 0.326, 0.325, 0.0, 
0.21, 0.401, 0.052, 0.337, 
0.205, 0.402, 0.06, 0.333, 
0.203, 0.403, 0.063, 0.331, 
0.442, 0.35, 0.091, 0.117, 
0.272, 0.122, 0.259, 0.347, 
0.449, 0.361, 0.085, 0.105, 
0.276, 0.184, 0.269, 0.271, 
0.352, 0.325, 0.323, 0.0, 
0.355, 0.316, 0.329, 0.0, 
0.293, 0.263, 0.276, 0.168, 
0.374, 0.296, 0.33, 0.0, 
0.031, 0.203, 0.46, 0.306, 
0.346, 0.372, 0.282, 0.0, 
0.353, 0.365, 0.282, 0.0, 
0.306, 0.276, 0.291, 0.127, 
0.316, 0.272, 0.296, 0.116, 
0.056, 0.109, 0.703, 0.132, 
0.349, 0.324, 0.327, 0.0, 
0.302, 0.106, 0.295, 0.297, 
0.31, 0.095, 0.294, 0.301, 
0.449, 0.36, 0.086, 0.105, 
0.284, 0.157, 0.277, 0.282, 
0.276, 0.183, 0.27, 0.271, 
0.284, 0.178, 0.265, 0.273, 
0.292, 0.148, 0.274, 0.286, 
0.305, 0.155, 0.259, 0.281, 
0.293, 0.168, 0.26, 0.279, 
0.295, 0.165, 0.26, 0.28, 
0.293, 0.148, 0.273, 0.286, 
0.294, 0.127, 0.284, 0.295, 
0.299, 0.237, 0.271, 0.193, 
0.359, 0.321, 0.32, 0.0, 
0.742, 0.258, 0.0, 0.0, 
0.343, 0.334, 0.323, 0.0, 
0.34, 0.32, 0.34, 0.0, 
0.42, 0.331, 0.108, 0.141, 
0.064, 0.284, 0.276, 0.376, 
0.04, 0.302, 0.266, 0.392, 
0.342, 0.339, 0.319, 0.0, 
0.299, 0.13, 0.281, 0.29, 
0.279, 0.121, 0.292, 0.308, 
0.292, 0.154, 0.274, 0.28, 
0.294, 0.133, 0.285, 0.288, 
0.276, 0.147, 0.284, 0.293, 
0.266, 0.156, 0.286, 0.292, 
0.287, 0.158, 0.278, 0.277, 
0.289, 0.132, 0.291, 0.288, 
0.381, 0.301, 0.318, 0.0, 
0.383, 0.298, 0.319, 0.0, 
0.462, 0.192, 0.346, 0.0, 
0.399, 0.288, 0.313, 0.0, 
0.061, 0.192, 0.449, 0.298, 
0.459, 0.012, 0.196, 0.333, 
0.153, 0.365, 0.482, 0.0, 
0.147, 0.37, 0.483, 0.0, 
0.337, 0.326, 0.337, 0.0, 
0.047, 0.179, 0.471, 0.303, 
0.388, 0.291, 0.321, 0.0, 
0.273, 0.227, 0.228, 0.272, 
0.277, 0.223, 0.224, 0.276, 
0.287, 0.155, 0.274, 0.284, 
0.287, 0.136, 0.285, 0.292, 
0.278, 0.167, 0.275, 0.28, 
0.362, 0.316, 0.322, 0.0, 
0.028, 0.731, 0.241, 0.0, 
0.282, 0.138, 0.295, 0.285, 
0.026, 0.729, 0.245, 0.0, 
0.023, 0.736, 0.241, 0.0, 
0.306, 0.046, 0.325, 0.323, 
0.297, 0.092, 0.308, 0.303, 
0.29, 0.095, 0.313, 0.302, 
0.301, 0.044, 0.331, 0.324, 
0.291, 0.082, 0.321, 0.306, 
0.301, 0.036, 0.338, 0.325, 
0.315, 0.059, 0.31, 0.316, 
0.306, 0.096, 0.296, 0.302, 
0.3, 0.097, 0.301, 0.302, 
0.31, 0.055, 0.317, 0.318, 
0.328, 0.331, 0.341, 0.0, 
0.33, 0.329, 0.341, 0.0, 
0.331, 0.332, 0.337, 0.0, 
0.327, 0.335, 0.338, 0.0, 
0.332, 0.325, 0.343, 0.0, 
0.334, 0.329, 0.337, 0.0, 
0.324, 0.032, 0.319, 0.325, 
0.321, 0.03, 0.324, 0.325, 
0.316, 0.032, 0.327, 0.325, 
0.33, 0.332, 0.338, 0.0, 
0.329, 0.327, 0.344, 0.0, 
0.319, 0.034, 0.323, 0.324, 
0.322, 0.036, 0.318, 0.324, 
0.334, 0.328, 0.338, 0.0, 
0.307, 0.072, 0.307, 0.314, 
0.325, 0.049, 0.306, 0.32, 
0.339, 0.005, 0.32, 0.336, 
0.338, 0.324, 0.338, 0.0, 
0.326, 0.041, 0.311, 0.322, 
0.315, 0.061, 0.305, 0.319, 
0.313, 0.064, 0.306, 0.317, 
0.215, 0.4, 0.045, 0.34, 
0.316, 0.079, 0.297, 0.308, 
0.311, 0.078, 0.303, 0.308, 
0.311, 0.113, 0.28, 0.296, 
0.315, 0.084, 0.294, 0.307, 
0.336, 0.009, 0.32, 0.335, 
0.337, 0.321, 0.342, 0.0, 
0.321, 0.056, 0.306, 0.317, 
0.331, 0.009, 0.325, 0.335, 
0.332, 0.325, 0.343, 0.0, 
0.312, 0.091, 0.293, 0.304, 
0.306, 0.122, 0.279, 0.293, 
0.288, 0.11, 0.291, 0.311, 
0.306, 0.137, 0.269, 0.288, 
0.05, 0.096, 0.724, 0.13, 
0.307, 0.074, 0.311, 0.308, 
0.307, 0.077, 0.308, 0.308, 
0.316, 0.064, 0.308, 0.312, 
0.309, 0.071, 0.31, 0.31, 
0.322, 0.059, 0.305, 0.314, 
0.327, 0.309, 0.318, 0.046, 
0.33, 0.034, 0.312, 0.324, 
0.351, 0.315, 0.334, 0.0, 
0.352, 0.316, 0.332, 0.0, 
0.327, 0.291, 0.313, 0.069, 
0.387, 0.295, 0.318, 0.0, 
0.387, 0.287, 0.326, 0.0, 
0.375, 0.301, 0.324, 0.0, 
0.084, 0.338, 0.269, 0.309, 
0.353, 0.033, 0.288, 0.326, 
0.371, 0.298, 0.331, 0.0, 
0.366, 0.304, 0.33, 0.0, 
0.357, 0.008, 0.303, 0.332, 
0.182, 0.356, 0.462, 0.0, 
0.345, 0.335, 0.32, 0.0, 
0.341, 0.318, 0.341, 0.0, 
0.135, 0.08, 0.65, 0.135, 
0.363, 0.321, 0.316, 0.0, 
0.064, 0.321, 0.279, 0.336, 
0.247, 0.295, 0.211, 0.247, 
0.082, 0.173, 0.457, 0.288, 
0.403, 0.294, 0.303, 0.0, 
0.236, 0.283, 0.23, 0.251, 
0.457, 0.335, 0.208, 0.0, 
0.408, 0.291, 0.301, 0.0, 
0.325, 0.35, 0.325, 0.0, 
0.094, 0.457, 0.356, 0.093, 
0.203, 0.266, 0.218, 0.313, 
0.153, 0.021, 0.379, 0.447, 
0.17, 0.437, 0.393, 0.0, 
0.147, 0.4, 0.453, 0.0, 
0.15, 0.017, 0.373, 0.46, 
0.174, 0.432, 0.394, 0.0, 
0.184, 0.278, 0.289, 0.249, 
0.173, 0.312, 0.271, 0.244, 
0.37, 0.167, 0.183, 0.28, 
0.185, 0.287, 0.298, 0.23, 
0.159, 0.353, 0.261, 0.227, 
0.158, 0.355, 0.255, 0.232, 
0.207, 0.124, 0.669, 0.0, 
0.37, 0.165, 0.186, 0.279, 
0.188, 0.27, 0.29, 0.252, 
0.312, 0.012, 0.343, 0.333, 
0.308, 0.343, 0.349, 0.0, 
0.307, 0.346, 0.347, 0.0, 
0.321, 0.339, 0.34, 0.0, 
0.317, 0.336, 0.347, 0.0, 
0.29, 0.086, 0.316, 0.308, 
0.288, 0.073, 0.327, 0.312, 
0.252, 0.293, 0.104, 0.351, 
0.303, 0.088, 0.299, 0.31, 
0.305, 0.073, 0.308, 0.314, 
0.3, 0.086, 0.304, 0.31, 
0.3, 0.101, 0.293, 0.306, 
0.298, 0.101, 0.295, 0.306, 
0.292, 0.127, 0.281, 0.3, 
0.299, 0.105, 0.29, 0.306, 
0.297, 0.111, 0.288, 0.304, 
0.296, 0.129, 0.275, 0.3, 
0.292, 0.133, 0.276, 0.299, 
0.168, 0.183, 0.35, 0.299, 
0.213, 0.128, 0.659, 0.0, 
0.289, 0.3, 0.203, 0.208, 
0.287, 0.295, 0.218, 0.2, 
0.287, 0.302, 0.19, 0.221, 
0.303, 0.292, 0.201, 0.204, 
0.257, 0.01, 0.205, 0.528, 
0.271, 0.006, 0.206, 0.517, 
0.22, 0.014, 0.215, 0.551, 
0.212, 0.001, 0.196, 0.591, 
0.203, 0.01, 0.206, 0.581, 
0.239, 0.298, 0.235, 0.228, 
0.092, 0.427, 0.222, 0.259, 
0.07, 0.464, 0.223, 0.243, 
0.189, 0.19, 0.621, 0.0, 
0.193, 0.016, 0.212, 0.579, 
0.222, 0.312, 0.241, 0.225, 
0.343, 0.32, 0.337, 0.0, 
0.309, 0.08, 0.3, 0.311, 
0.272, 0.31, 0.072, 0.346, 
0.333, 0.33, 0.337, 0.0, 
0.295, 0.108, 0.294, 0.303, 
0.293, 0.098, 0.304, 0.305, 
0.25, 0.284, 0.259, 0.207, 
0.232, 0.028, 0.235, 0.505, 
0.229, 0.301, 0.267, 0.203, 
0.236, 0.294, 0.283, 0.187, 
0.048, 0.212, 0.384, 0.356, 
0.08, 0.185, 0.378, 0.357, 
0.267, 0.245, 0.201, 0.287, 
0.254, 0.224, 0.217, 0.305, 
0.261, 0.229, 0.229, 0.281, 
0.277, 0.23, 0.201, 0.292, 
0.262, 0.216, 0.216, 0.306, 
0.273, 0.195, 0.246, 0.286, 
0.263, 0.201, 0.247, 0.289, 
0.255, 0.205, 0.247, 0.293, 
0.279, 0.176, 0.234, 0.311, 
0.294, 0.165, 0.251, 0.29, 
0.285, 0.161, 0.254, 0.3, 
0.292, 0.177, 0.243, 0.288, 
0.29, 0.145, 0.258, 0.307, 
0.293, 0.136, 0.272, 0.299, 
0.279, 0.161, 0.255, 0.305, 
0.291, 0.18, 0.244, 0.285, 
0.301, 0.182, 0.23, 0.287, 
0.297, 0.18, 0.237, 0.286, 
0.296, 0.185, 0.232, 0.287, 
0.303, 0.188, 0.226, 0.283, 
0.283, 0.191, 0.222, 0.304, 
0.303, 0.198, 0.217, 0.282, 
0.304, 0.207, 0.212, 0.277, 
0.305, 0.208, 0.203, 0.284, 
0.309, 0.205, 0.209, 0.277, 
0.302, 0.203, 0.216, 0.279, 
0.315, 0.206, 0.202, 0.277, 
0.306, 0.204, 0.204, 0.286, 
0.317, 0.209, 0.199, 0.275, 
0.315, 0.209, 0.199, 0.277, 
0.307, 0.209, 0.199, 0.285, 
0.307, 0.211, 0.199, 0.283, 
0.215, 0.319, 0.226, 0.24, 
0.211, 0.324, 0.223, 0.242, 
0.19, 0.197, 0.613, 0.0, 
0.187, 0.199, 0.614, 0.0, 
0.206, 0.329, 0.224, 0.241, 
0.19, 0.201, 0.609, 0.0, 
0.065, 0.445, 0.22, 0.27, 
0.18, 0.168, 0.652, 0.0, 
0.168, 0.167, 0.665, 0.0, 
0.261, 0.206, 0.254, 0.279, 
0.235, 0.227, 0.221, 0.317, 
0.26, 0.204, 0.258, 0.278, 
0.256, 0.217, 0.245, 0.282, 
0.214, 0.316, 0.248, 0.222, 
0.204, 0.329, 0.242, 0.225, 
0.212, 0.315, 0.261, 0.212, 
0.206, 0.321, 0.264, 0.209, 
0.201, 0.324, 0.27, 0.205, 
0.2, 0.329, 0.248, 0.223, 
0.183, 0.351, 0.256, 0.21, 
0.189, 0.355, 0.244, 0.212, 
0.387, 0.333, 0.176, 0.104, 
0.177, 0.353, 0.263, 0.207, 
0.388, 0.338, 0.179, 0.095, 
0.386, 0.336, 0.176, 0.102, 
0.385, 0.333, 0.175, 0.107, 
0.096, 0.307, 0.311, 0.286, 
0.084, 0.317, 0.315, 0.284, 
0.352, 0.069, 0.329, 0.25, 
0.162, 0.3, 0.246, 0.292, 
0.073, 0.309, 0.355, 0.263, 
0.356, 0.072, 0.331, 0.241, 
0.369, 0.065, 0.337, 0.229, 
0.144, 0.314, 0.226, 0.316, 
0.15, 0.301, 0.222, 0.327, 
0.068, 0.355, 0.288, 0.289, 
0.069, 0.365, 0.273, 0.293, 
0.073, 0.365, 0.272, 0.29, 
0.073, 0.354, 0.286, 0.287, 
0.066, 0.373, 0.266, 0.295, 
0.069, 0.373, 0.266, 0.292, 
0.073, 0.373, 0.263, 0.291, 
0.077, 0.365, 0.27, 0.288, 
0.079, 0.354, 0.282, 0.285, 
0.319, 0.202, 0.202, 0.277, 
0.321, 0.201, 0.201, 0.277, 
0.318, 0.203, 0.199, 0.28, 
0.32, 0.205, 0.199, 0.276, 
0.321, 0.203, 0.198, 0.278, 
0.08, 0.372, 0.261, 0.287, 
0.084, 0.365, 0.268, 0.283, 
0.086, 0.37, 0.258, 0.286, 
0.091, 0.364, 0.264, 0.281, 
0.345, 0.173, 0.198, 0.284, 
0.089, 0.358, 0.285, 0.268, 
0.322, 0.207, 0.196, 0.275, 
0.075, 0.374, 0.257, 0.294, 
0.076, 0.375, 0.255, 0.294, 
0.08, 0.375, 0.257, 0.288, 
0.093, 0.37, 0.256, 0.281, 
0.342, 0.19, 0.193, 0.275, 
0.338, 0.199, 0.187, 0.276, 
0.352, 0.188, 0.19, 0.27, 
0.057, 0.332, 0.375, 0.236, 
0.088, 0.374, 0.253, 0.285, 
0.08, 0.377, 0.254, 0.289, 
0.084, 0.375, 0.253, 0.288, 
0.094, 0.371, 0.25, 0.285, 
0.337, 0.191, 0.192, 0.28, 
0.084, 0.368, 0.259, 0.289, 
0.095, 0.372, 0.247, 0.286, 
0.339, 0.199, 0.184, 0.278, 
0.323, 0.199, 0.199, 0.279, 
0.321, 0.213, 0.192, 0.274, 
0.313, 0.235, 0.182, 0.27, 
0.106, 0.382, 0.231, 0.281, 
0.341, 0.215, 0.171, 0.273, 
0.307, 0.201, 0.201, 0.291, 
0.308, 0.215, 0.198, 0.279, 
0.305, 0.2, 0.214, 0.281, 
0.288, 0.212, 0.203, 0.297, 
0.293, 0.236, 0.188, 0.283, 
0.269, 0.156, 0.287, 0.288, 
0.263, 0.186, 0.271, 0.28, 
0.263, 0.182, 0.274, 0.281, 
0.267, 0.15, 0.293, 0.29, 
0.265, 0.178, 0.274, 0.283, 
0.269, 0.144, 0.295, 0.292, 
0.269, 0.173, 0.272, 0.286, 
0.273, 0.139, 0.294, 0.294, 
0.276, 0.166, 0.269, 0.289, 
0.279, 0.134, 0.291, 0.296, 
0.278, 0.122, 0.302, 0.298, 
0.276, 0.112, 0.311, 0.301, 
0.278, 0.104, 0.315, 0.303, 
0.285, 0.13, 0.286, 0.299, 
0.294, 0.094, 0.304, 0.308, 
0.287, 0.096, 0.31, 0.307, 
0.292, 0.127, 0.28, 0.301, 
0.3, 0.093, 0.298, 0.309, 
0.324, 0.33, 0.346, 0.0, 
0.315, 0.335, 0.35, 0.0, 
0.326, 0.004, 0.333, 0.337, 
0.319, 0.34, 0.341, 0.0, 
0.25, 0.299, 0.099, 0.352, 
0.304, 0.34, 0.356, 0.0, 
0.282, 0.099, 0.314, 0.305, 
0.291, 0.178, 0.242, 0.289, 
0.285, 0.155, 0.258, 0.302, 
0.282, 0.16, 0.264, 0.294, 
0.281, 0.186, 0.244, 0.289, 
0.32, 0.21, 0.195, 0.275, 
0.321, 0.207, 0.195, 0.277, 
0.316, 0.211, 0.198, 0.275, 
0.314, 0.207, 0.2, 0.279, 
0.311, 0.21, 0.202, 0.277, 
0.308, 0.209, 0.206, 0.277, 
0.309, 0.193, 0.216, 0.282, 
0.294, 0.186, 0.22, 0.3, 
0.295, 0.192, 0.225, 0.288, 
0.309, 0.193, 0.216, 0.282, 
0.295, 0.19, 0.216, 0.299, 
0.298, 0.176, 0.237, 0.289, 
0.283, 0.172, 0.231, 0.314, 
0.306, 0.199, 0.206, 0.289, 
0.303, 0.201, 0.213, 0.283, 
0.297, 0.198, 0.22, 0.285, 
0.305, 0.094, 0.291, 0.31, 
0.304, 0.097, 0.291, 0.308, 
0.299, 0.123, 0.275, 0.303, 
0.298, 0.125, 0.275, 0.302, 
0.304, 0.093, 0.293, 0.31, 
0.296, 0.125, 0.276, 0.303, 
0.282, 0.156, 0.251, 0.311, 
0.269, 0.161, 0.246, 0.324, 
0.291, 0.18, 0.241, 0.288, 
0.274, 0.181, 0.231, 0.314, 
0.295, 0.176, 0.24, 0.289, 
0.283, 0.193, 0.22, 0.304, 
0.295, 0.197, 0.226, 0.282, 
0.293, 0.196, 0.226, 0.285, 
0.291, 0.151, 0.254, 0.304, 
0.292, 0.149, 0.254, 0.305, 
0.278, 0.15, 0.248, 0.324, 
0.286, 0.203, 0.224, 0.287, 
0.308, 0.196, 0.205, 0.291, 
0.32, 0.198, 0.202, 0.28, 
0.077, 0.371, 0.26, 0.292, 
0.088, 0.368, 0.258, 0.286, 
0.164, 0.327, 0.21, 0.299, 
0.145, 0.322, 0.215, 0.318, 
0.362, 0.187, 0.19, 0.261, 
0.354, 0.199, 0.171, 0.276, 
0.129, 0.321, 0.213, 0.337, 
0.345, 0.184, 0.19, 0.281, 
0.188, 0.304, 0.232, 0.276, 
0.168, 0.306, 0.236, 0.29, 
0.156, 0.316, 0.227, 0.301, 
0.176, 0.317, 0.219, 0.288, 
0.136, 0.307, 0.209, 0.348, 
0.338, 0.193, 0.19, 0.279, 
0.357, 0.187, 0.195, 0.261, 
0.127, 0.313, 0.199, 0.361, 
0.119, 0.306, 0.27, 0.305, 
0.179, 0.284, 0.263, 0.274, 
0.177, 0.295, 0.248, 0.28, 
0.194, 0.291, 0.252, 0.263, 
0.163, 0.151, 0.686, 0.0, 
0.465, 0.005, 0.218, 0.312, 
0.144, 0.152, 0.704, 0.0, 
0.098, 0.376, 0.251, 0.275, 
0.098, 0.368, 0.262, 0.272, 
0.082, 0.241, 0.296, 0.381, 
0.095, 0.248, 0.289, 0.368, 
0.116, 0.266, 0.276, 0.342, 
0.092, 0.387, 0.245, 0.276, 
0.101, 0.376, 0.25, 0.273, 
0.171, 0.153, 0.676, 0.0, 
0.081, 0.419, 0.236, 0.264, 
0.151, 0.328, 0.266, 0.255, 
0.472, 0.204, 0.324, 0.0, 
0.1, 0.406, 0.234, 0.26, 
0.123, 0.378, 0.243, 0.256, 
0.104, 0.38, 0.243, 0.273, 
0.076, 0.436, 0.23, 0.258, 
0.218, 0.153, 0.629, 0.0, 
0.202, 0.13, 0.668, 0.0, 
0.212, 0.158, 0.63, 0.0, 
0.232, 0.184, 0.584, 0.0, 
0.359, 0.18, 0.179, 0.282, 
0.367, 0.178, 0.17, 0.285, 
0.14, 0.358, 0.249, 0.253, 
0.152, 0.342, 0.255, 0.251, 
0.304, 0.2, 0.137, 0.359, 
0.27, 0.268, 0.201, 0.261, 
0.277, 0.261, 0.21, 0.252, 
0.253, 0.021, 0.227, 0.499, 
0.238, 0.011, 0.211, 0.54, 
0.178, 0.286, 0.285, 0.251, 
0.165, 0.322, 0.263, 0.25, 
0.299, 0.247, 0.172, 0.282, 
0.309, 0.242, 0.164, 0.285, 
0.31, 0.228, 0.183, 0.279, 
0.317, 0.224, 0.178, 0.281, 
0.291, 0.255, 0.173, 0.281, 
0.399, 0.291, 0.31, 0.0, 
0.316, 0.221, 0.184, 0.279, 
0.063, 0.191, 0.45, 0.296, 
0.185, 0.253, 0.306, 0.256, 
0.185, 0.253, 0.306, 0.256, 
0.186, 0.25, 0.307, 0.257, 
0.331, 0.202, 0.189, 0.278, 
0.039, 0.191, 0.77, 0.0, 
0.354, 0.193, 0.167, 0.286, 
0.345, 0.195, 0.178, 0.282, 
0.402, 0.076, 0.218, 0.304, 
0.275, 0.186, 0.342, 0.197, 
0.366, 0.191, 0.152, 0.291, 
0.421, 0.062, 0.209, 0.308, 
0.081, 0.414, 0.24, 0.265, 
0.06, 0.453, 0.229, 0.258, 
0.073, 0.412, 0.234, 0.281, 
0.058, 0.445, 0.225, 0.272, 
0.182, 0.189, 0.629, 0.0, 
0.184, 0.192, 0.624, 0.0, 
0.449, 0.235, 0.316, 0.0, 
0.078, 0.394, 0.247, 0.281, 
0.139, 0.109, 0.752, 0.0, 
0.441, 0.232, 0.327, 0.0, 
0.069, 0.435, 0.231, 0.265, 
0.08, 0.405, 0.239, 0.276, 
0.053, 0.471, 0.223, 0.253, 
0.384, 0.078, 0.237, 0.301, 
0.468, 0.227, 0.305, 0.0, 
0.469, 0.224, 0.307, 0.0, 
0.444, 0.234, 0.322, 0.0, 
0.351, 0.135, 0.226, 0.288, 
0.061, 0.34, 0.309, 0.29, 
0.35, 0.141, 0.218, 0.291, 
0.363, 0.109, 0.229, 0.299, 
0.357, 0.103, 0.237, 0.303, 
0.358, 0.104, 0.237, 0.301, 
0.3, 0.301, 0.291, 0.108, 
0.165, 0.248, 0.256, 0.331, 
0.195, 0.22, 0.248, 0.337, 
0.325, 0.281, 0.297, 0.097, 
0.28, 0.243, 0.375, 0.102, 
0.049, 0.257, 0.316, 0.378, 
0.075, 0.237, 0.3, 0.388, 
0.354, 0.145, 0.212, 0.289, 
0.047, 0.313, 0.395, 0.245, 
0.05, 0.311, 0.359, 0.28, 
0.034, 0.312, 0.363, 0.291, 
0.061, 0.323, 0.36, 0.256, 
0.065, 0.321, 0.329, 0.285, 
0.074, 0.308, 0.327, 0.291, 
0.057, 0.305, 0.332, 0.306, 
0.087, 0.301, 0.305, 0.307, 
0.069, 0.293, 0.312, 0.326, 
0.036, 0.302, 0.341, 0.321, 
0.013, 0.299, 0.352, 0.336, 
0.047, 0.284, 0.323, 0.346, 
0.296, 0.361, 0.343, 0.0, 
0.003, 0.297, 0.362, 0.338, 
0.318, 0.196, 0.203, 0.283, 
0.315, 0.202, 0.206, 0.277, 
0.314, 0.194, 0.206, 0.286, 
0.306, 0.198, 0.208, 0.288, 
0.069, 0.355, 0.286, 0.29, 
0.065, 0.366, 0.272, 0.297, 
0.067, 0.357, 0.285, 0.291, 
0.059, 0.366, 0.272, 0.303, 
0.311, 0.189, 0.211, 0.289, 
0.302, 0.191, 0.214, 0.293, 
0.307, 0.182, 0.218, 0.293, 
0.306, 0.183, 0.225, 0.286, 
0.049, 0.359, 0.288, 0.304, 
0.304, 0.301, 0.212, 0.183, 
0.315, 0.168, 0.224, 0.293, 
0.319, 0.177, 0.219, 0.285, 
0.3, 0.295, 0.217, 0.188, 
0.298, 0.3, 0.212, 0.19, 
0.313, 0.162, 0.234, 0.291, 
0.312, 0.172, 0.228, 0.288, 
0.052, 0.337, 0.314, 0.297, 
0.041, 0.341, 0.317, 0.301, 
0.042, 0.35, 0.306, 0.302, 
0.053, 0.349, 0.3, 0.298, 
0.035, 0.343, 0.319, 0.303, 
0.301, 0.289, 0.223, 0.187, 
0.059, 0.356, 0.282, 0.303, 
0.321, 0.182, 0.213, 0.284, 
0.068, 0.34, 0.303, 0.289, 
0.071, 0.342, 0.298, 0.289, 
0.359, 0.111, 0.23, 0.3, 
0.359, 0.118, 0.228, 0.295, 
0.014, 0.298, 0.359, 0.329, 
0.017, 0.3, 0.362, 0.321, 
0.361, 0.024, 0.275, 0.34, 
0.36, 0.022, 0.275, 0.343, 
0.064, 0.346, 0.297, 0.293, 
0.064, 0.332, 0.312, 0.292, 
0.37, 0.018, 0.289, 0.323, 
0.057, 0.354, 0.27, 0.319, 
0.294, 0.392, 0.314, 0.0, 
0.002, 0.309, 0.376, 0.313, 
0.371, 0.044, 0.281, 0.304, 
0.036, 0.277, 0.384, 0.303, 
0.058, 0.366, 0.257, 0.319, 
0.405, 0.241, 0.354, 0.0, 
0.404, 0.009, 0.243, 0.344, 
0.242, 0.263, 0.155, 0.34, 
0.423, 0.247, 0.33, 0.0, 
0.444, 0.002, 0.257, 0.297, 
0.196, 0.193, 0.359, 0.252, 
0.022, 0.259, 0.341, 0.378, 
0.227, 0.287, 0.13, 0.356, 
0.042, 0.293, 0.365, 0.3, 
0.387, 0.029, 0.26, 0.324, 
0.041, 0.313, 0.346, 0.3, 
0.002, 0.291, 0.364, 0.343, 
0.009, 0.322, 0.358, 0.311, 
0.024, 0.309, 0.361, 0.306, 
0.011, 0.331, 0.348, 0.31, 
0.025, 0.322, 0.348, 0.305, 
0.028, 0.346, 0.321, 0.305, 
0.024, 0.352, 0.317, 0.307, 
0.032, 0.339, 0.326, 0.303, 
0.029, 0.336, 0.331, 0.304, 
0.024, 0.34, 0.33, 0.306, 
0.018, 0.346, 0.328, 0.308, 
0.012, 0.353, 0.324, 0.311, 
0.319, 0.148, 0.239, 0.294, 
0.315, 0.145, 0.244, 0.296, 
0.31, 0.152, 0.237, 0.301, 
0.005, 0.348, 0.334, 0.313, 
0.316, 0.138, 0.25, 0.296, 
0.014, 0.339, 0.338, 0.309, 
0.342, 0.344, 0.314, 0.0, 
0.314, 0.129, 0.257, 0.3, 
0.294, 0.17, 0.243, 0.293, 
0.293, 0.173, 0.232, 0.302, 
0.305, 0.161, 0.245, 0.289, 
0.297, 0.154, 0.252, 0.297, 
0.301, 0.173, 0.228, 0.298, 
0.3, 0.163, 0.234, 0.303, 
0.312, 0.151, 0.245, 0.292, 
0.306, 0.145, 0.251, 0.298, 
0.34, 0.323, 0.337, 0.0, 
0.35, 0.313, 0.337, 0.0, 
0.318, 0.053, 0.309, 0.32, 
0.32, 0.077, 0.289, 0.314, 
0.334, 0.323, 0.343, 0.0, 
0.307, 0.086, 0.296, 0.311, 
0.301, 0.111, 0.284, 0.304, 
0.304, 0.118, 0.274, 0.304, 
0.357, 0.004, 0.302, 0.337, 
0.316, 0.373, 0.311, 0.0, 
0.298, 0.134, 0.258, 0.31, 
0.31, 0.113, 0.265, 0.312, 
0.334, 0.354, 0.312, 0.0, 
0.024, 0.331, 0.34, 0.305, 
0.032, 0.328, 0.337, 0.303, 
0.037, 0.333, 0.329, 0.301, 
0.048, 0.325, 0.33, 0.297, 
0.064, 0.314, 0.33, 0.292, 
0.198, 0.221, 0.25, 0.331, 
0.108, 0.229, 0.279, 0.384, 
0.065, 0.263, 0.307, 0.365, 
0.087, 0.276, 0.295, 0.342, 
0.178, 0.272, 0.286, 0.264, 
0.121, 0.295, 0.26, 0.324, 
0.214, 0.29, 0.271, 0.225, 
0.463, 0.09, 0.199, 0.248, 
0.205, 0.304, 0.233, 0.258, 
0.159, 0.328, 0.247, 0.266, 
0.164, 0.349, 0.27, 0.217, 
0.164, 0.351, 0.271, 0.214, 
0.385, 0.327, 0.177, 0.111, 
0.164, 0.346, 0.268, 0.222, 
0.169, 0.352, 0.269, 0.21, 
0.386, 0.33, 0.174, 0.11, 
0.393, 0.328, 0.089, 0.19, 
0.17, 0.341, 0.252, 0.237, 
0.173, 0.352, 0.266, 0.209, 
0.169, 0.352, 0.269, 0.21, 
0.172, 0.352, 0.267, 0.209, 
0.166, 0.352, 0.271, 0.211, 
0.214, 0.331, 0.18, 0.275, 
0.173, 0.352, 0.266, 0.209, 
0.163, 0.35, 0.273, 0.214, 
0.16, 0.348, 0.276, 0.216, 
0.16, 0.348, 0.272, 0.22, 
0.161, 0.346, 0.272, 0.221, 
0.161, 0.343, 0.265, 0.231, 
0.158, 0.34, 0.272, 0.23, 
0.408, 0.171, 0.154, 0.267, 
0.175, 0.28, 0.43, 0.115, 
0.179, 0.274, 0.425, 0.122, 
0.156, 0.289, 0.421, 0.134, 
0.144, 0.302, 0.424, 0.13, 
0.178, 0.271, 0.421, 0.13, 
0.162, 0.28, 0.417, 0.141, 
0.143, 0.292, 0.411, 0.154, 
0.128, 0.305, 0.409, 0.158, 
0.094, 0.331, 0.405, 0.17, 
0.104, 0.315, 0.394, 0.187, 
0.061, 0.345, 0.382, 0.212, 
0.134, 0.293, 0.402, 0.171, 
0.124, 0.291, 0.389, 0.196, 
0.15, 0.211, 0.418, 0.221, 
0.11, 0.226, 0.409, 0.255, 
0.162, 0.274, 0.41, 0.154, 
0.181, 0.263, 0.417, 0.139, 
0.185, 0.252, 0.41, 0.153, 
0.158, 0.268, 0.4, 0.174, 
0.155, 0.259, 0.39, 0.196, 
0.111, 0.289, 0.374, 0.226, 
0.182, 0.243, 0.4, 0.175, 
0.179, 0.236, 0.392, 0.193, 
0.153, 0.25, 0.381, 0.216, 
0.109, 0.279, 0.362, 0.25, 
0.37, 0.327, 0.135, 0.168, 
0.1, 0.209, 0.395, 0.296, 
0.35, 0.317, 0.15, 0.183, 
0.231, 0.296, 0.297, 0.176, 
0.25, 0.28, 0.303, 0.167, 
0.22, 0.303, 0.316, 0.161, 
0.241, 0.286, 0.324, 0.149, 
0.216, 0.301, 0.364, 0.119, 
0.226, 0.296, 0.369, 0.109, 
0.235, 0.29, 0.347, 0.128, 
0.221, 0.299, 0.343, 0.137, 
0.208, 0.306, 0.378, 0.108, 
0.21, 0.166, 0.381, 0.243, 
0.193, 0.171, 0.379, 0.257, 
0.201, 0.168, 0.391, 0.24, 
0.204, 0.185, 0.399, 0.212, 
0.223, 0.174, 0.397, 0.206, 
0.215, 0.196, 0.416, 0.173, 
0.24, 0.182, 0.414, 0.164, 
0.245, 0.185, 0.427, 0.143, 
0.266, 0.169, 0.426, 0.139, 
0.154, 0.368, 0.236, 0.242, 
0.382, 0.301, 0.24, 0.077, 
0.137, 0.38, 0.236, 0.247, 
0.167, 0.344, 0.243, 0.246, 
0.38, 0.306, 0.227, 0.087, 
0.125, 0.385, 0.243, 0.247, 
0.118, 0.391, 0.245, 0.246, 
0.136, 0.374, 0.247, 0.243, 
0.167, 0.339, 0.253, 0.241, 
0.136, 0.36, 0.3, 0.204, 
0.146, 0.355, 0.295, 0.204, 
0.154, 0.347, 0.284, 0.215, 
0.141, 0.356, 0.288, 0.215, 
0.145, 0.366, 0.281, 0.208, 
0.158, 0.35, 0.279, 0.213, 
0.168, 0.341, 0.269, 0.222, 
0.148, 0.366, 0.261, 0.225, 
0.135, 0.376, 0.265, 0.224, 
0.375, 0.317, 0.206, 0.102, 
0.093, 0.414, 0.243, 0.25, 
0.126, 0.37, 0.257, 0.247, 
0.377, 0.31, 0.217, 0.096, 
0.098, 0.404, 0.252, 0.246, 
0.106, 0.399, 0.247, 0.248, 
0.396, 0.315, 0.086, 0.203, 
0.401, 0.306, 0.08, 0.213, 
0.435, 0.165, 0.162, 0.238, 
0.407, 0.299, 0.072, 0.222, 
0.133, 0.035, 0.249, 0.583, 
0.379, 0.331, 0.187, 0.103, 
0.376, 0.324, 0.196, 0.104, 
0.393, 0.324, 0.088, 0.195, 
0.382, 0.331, 0.183, 0.104, 
0.085, 0.416, 0.263, 0.236, 
0.111, 0.378, 0.271, 0.24, 
0.086, 0.417, 0.252, 0.245, 
0.083, 0.416, 0.264, 0.237, 
0.101, 0.4, 0.258, 0.241, 
0.092, 0.41, 0.263, 0.235, 
0.105, 0.399, 0.266, 0.23, 
0.127, 0.368, 0.27, 0.235, 
0.083, 0.414, 0.275, 0.228, 
0.088, 0.414, 0.272, 0.226, 
0.086, 0.412, 0.278, 0.224, 
0.086, 0.414, 0.281, 0.219, 
0.096, 0.406, 0.284, 0.214, 
0.1, 0.402, 0.275, 0.223, 
0.113, 0.391, 0.278, 0.218, 
0.137, 0.358, 0.281, 0.224, 
0.106, 0.399, 0.286, 0.209, 
0.126, 0.383, 0.257, 0.234, 
0.143, 0.371, 0.253, 0.233, 
0.165, 0.354, 0.288, 0.193, 
0.172, 0.346, 0.287, 0.195, 
0.17, 0.352, 0.27, 0.208, 
0.164, 0.357, 0.277, 0.202, 
0.173, 0.349, 0.277, 0.201, 
0.182, 0.332, 0.271, 0.215, 
0.178, 0.342, 0.251, 0.229, 
0.18, 0.335, 0.266, 0.219, 
0.175, 0.339, 0.276, 0.21, 
0.16, 0.356, 0.308, 0.176, 
0.166, 0.352, 0.298, 0.184, 
0.173, 0.337, 0.297, 0.193, 
0.153, 0.363, 0.293, 0.191, 
0.171, 0.338, 0.288, 0.203, 
0.152, 0.359, 0.289, 0.2, 
0.175, 0.342, 0.299, 0.184, 
0.18, 0.339, 0.29, 0.191, 
0.177, 0.339, 0.308, 0.176, 
0.186, 0.333, 0.297, 0.184, 
0.2, 0.319, 0.31, 0.171, 
0.193, 0.326, 0.303, 0.178, 
0.182, 0.335, 0.314, 0.169, 
0.187, 0.33, 0.319, 0.164, 
0.167, 0.347, 0.317, 0.169, 
0.17, 0.346, 0.319, 0.165, 
0.215, 0.31, 0.281, 0.194, 
0.214, 0.314, 0.268, 0.204, 
0.214, 0.314, 0.256, 0.216, 
0.209, 0.317, 0.269, 0.205, 
0.204, 0.328, 0.235, 0.233, 
0.194, 0.331, 0.257, 0.218, 
0.353, 0.273, 0.079, 0.295, 
0.356, 0.29, 0.078, 0.276, 
0.346, 0.262, 0.096, 0.296, 
0.156, 0.013, 0.221, 0.61, 
0.15, 0.19, 0.66, 0.0, 
0.441, 0.121, 0.165, 0.273, 
0.124, 0.033, 0.243, 0.6, 
0.142, 0.03, 0.24, 0.588, 
0.16, 0.364, 0.253, 0.223, 
0.157, 0.358, 0.252, 0.233, 
0.386, 0.301, 0.24, 0.073, 
0.172, 0.34, 0.257, 0.231, 
0.357, 0.304, 0.08, 0.259, 
0.167, 0.361, 0.254, 0.218, 
0.203, 0.32, 0.286, 0.191, 
0.193, 0.329, 0.281, 0.197, 
0.21, 0.313, 0.294, 0.183, 
0.179, 0.336, 0.274, 0.211, 
0.18, 0.341, 0.277, 0.202, 
0.163, 0.362, 0.25, 0.225, 
0.18, 0.335, 0.249, 0.236, 
0.184, 0.327, 0.247, 0.242, 
0.174, 0.347, 0.242, 0.237, 
0.179, 0.33, 0.251, 0.24, 
0.17, 0.35, 0.242, 0.238, 
0.166, 0.352, 0.251, 0.231, 
0.157, 0.359, 0.251, 0.233, 
0.179, 0.335, 0.26, 0.226, 
0.167, 0.348, 0.267, 0.218, 
0.152, 0.356, 0.288, 0.204, 
0.158, 0.356, 0.276, 0.21, 
0.141, 0.363, 0.295, 0.201, 
0.137, 0.374, 0.29, 0.199, 
0.13, 0.37, 0.299, 0.201, 
0.119, 0.392, 0.288, 0.201, 
0.094, 0.411, 0.283, 0.212, 
0.122, 0.372, 0.302, 0.204, 
0.116, 0.376, 0.3, 0.208, 
0.105, 0.405, 0.285, 0.205, 
0.186, 0.204, 0.411, 0.199, 
0.192, 0.217, 0.427, 0.164, 
0.182, 0.191, 0.396, 0.231, 
0.154, 0.201, 0.4, 0.245, 
0.152, 0.213, 0.416, 0.219, 
0.144, 0.232, 0.43, 0.194, 
0.433, 0.231, 0.14, 0.196, 
0.403, 0.242, 0.115, 0.24, 
0.451, 0.242, 0.131, 0.176, 
0.42, 0.231, 0.115, 0.234, 
0.392, 0.251, 0.104, 0.253, 
0.392, 0.254, 0.093, 0.261, 
0.102, 0.141, 0.333, 0.424, 
0.11, 0.131, 0.322, 0.437, 
0.114, 0.124, 0.314, 0.448, 
0.218, 0.374, 0.246, 0.162, 
0.384, 0.269, 0.091, 0.256, 
0.386, 0.26, 0.095, 0.259, 
0.265, 0.354, 0.147, 0.234, 
0.198, 0.369, 0.265, 0.168, 
0.182, 0.38, 0.275, 0.163, 
0.207, 0.383, 0.261, 0.149, 
0.187, 0.366, 0.266, 0.181, 
0.167, 0.371, 0.286, 0.176, 
0.135, 0.378, 0.31, 0.177, 
0.158, 0.391, 0.3, 0.151, 
0.193, 0.393, 0.296, 0.118, 
0.154, 0.354, 0.284, 0.208, 
0.211, 0.331, 0.18, 0.278, 
0.207, 0.325, 0.191, 0.277, 
0.203, 0.325, 0.206, 0.266, 
0.189, 0.312, 0.2, 0.299, 
0.175, 0.317, 0.177, 0.331, 
0.17, 0.34, 0.184, 0.306, 
0.143, 0.358, 0.312, 0.187, 
0.341, 0.233, 0.158, 0.268, 
0.191, 0.347, 0.248, 0.214, 
0.187, 0.351, 0.246, 0.216, 
0.174, 0.351, 0.267, 0.208, 
0.175, 0.351, 0.267, 0.207, 
0.179, 0.357, 0.268, 0.196, 
0.188, 0.352, 0.26, 0.2, 
0.181, 0.351, 0.264, 0.204, 
0.17, 0.355, 0.279, 0.196, 
0.409, 0.213, 0.134, 0.244, 
0.197, 0.348, 0.242, 0.213, 
0.408, 0.221, 0.129, 0.242, 
0.194, 0.355, 0.258, 0.193, 
0.201, 0.36, 0.254, 0.185, 
0.181, 0.361, 0.269, 0.189, 
0.164, 0.365, 0.281, 0.19, 
0.211, 0.366, 0.245, 0.178, 
0.437, 0.221, 0.129, 0.213, 
0.419, 0.212, 0.123, 0.246, 
0.118, 0.114, 0.306, 0.462, 
0.12, 0.106, 0.299, 0.475, 
0.172, 0.345, 0.323, 0.16, 
0.19, 0.327, 0.325, 0.158, 
0.177, 0.337, 0.332, 0.154, 
0.189, 0.326, 0.334, 0.151, 
0.202, 0.317, 0.327, 0.154, 
0.203, 0.317, 0.318, 0.162, 
0.395, 0.341, 0.19, 0.074, 
0.389, 0.341, 0.185, 0.085, 
0.206, 0.356, 0.219, 0.219, 
0.421, 0.213, 0.123, 0.243, 
0.403, 0.207, 0.129, 0.261, 
0.112, 0.09, 0.288, 0.51, 
0.142, 0.363, 0.307, 0.188, 
0.143, 0.364, 0.308, 0.185, 
0.146, 0.371, 0.307, 0.176, 
0.141, 0.377, 0.301, 0.181, 
0.152, 0.357, 0.305, 0.186, 
0.156, 0.36, 0.311, 0.173, 
0.146, 0.364, 0.299, 0.191, 
0.135, 0.371, 0.3, 0.194, 
0.397, 0.342, 0.198, 0.063, 
0.393, 0.342, 0.191, 0.074, 
0.399, 0.343, 0.197, 0.061, 
0.084, 0.42, 0.277, 0.219, 
0.084, 0.415, 0.278, 0.223, 
0.082, 0.422, 0.271, 0.225, 
0.088, 0.417, 0.277, 0.218, 
0.081, 0.418, 0.272, 0.229, 
0.079, 0.424, 0.266, 0.231, 
0.386, 0.339, 0.183, 0.092, 
0.383, 0.337, 0.181, 0.099, 
0.388, 0.341, 0.187, 0.084, 
0.402, 0.342, 0.197, 0.059, 
0.403, 0.34, 0.201, 0.056, 
0.118, 0.095, 0.29, 0.497, 
0.116, 0.091, 0.288, 0.505, 
0.42, 0.203, 0.137, 0.24, 
0.215, 0.349, 0.211, 0.225, 
0.428, 0.205, 0.133, 0.234, 
0.12, 0.1, 0.294, 0.486, 
0.136, 0.102, 0.297, 0.465, 
0.134, 0.099, 0.295, 0.472, 
0.135, 0.109, 0.303, 0.453, 
0.15, 0.115, 0.311, 0.424, 
0.153, 0.365, 0.303, 0.179, 
0.15, 0.369, 0.297, 0.184, 
0.144, 0.375, 0.294, 0.187, 
0.404, 0.337, 0.206, 0.053, 
0.163, 0.352, 0.315, 0.17, 
0.166, 0.349, 0.318, 0.167, 
0.206, 0.321, 0.277, 0.196, 
0.204, 0.319, 0.288, 0.189, 
0.212, 0.312, 0.292, 0.184, 
0.207, 0.315, 0.303, 0.175, 
0.208, 0.312, 0.316, 0.164, 
0.212, 0.31, 0.305, 0.173, 
0.204, 0.316, 0.316, 0.164, 
0.198, 0.324, 0.299, 0.179, 
0.199, 0.323, 0.295, 0.183, 
0.204, 0.317, 0.311, 0.168, 
0.191, 0.336, 0.28, 0.193, 
0.197, 0.327, 0.277, 0.199, 
0.206, 0.314, 0.318, 0.162, 
0.209, 0.309, 0.338, 0.144, 
0.205, 0.313, 0.333, 0.149, 
0.199, 0.111, 0.353, 0.337, 
0.204, 0.311, 0.358, 0.127, 
0.195, 0.333, 0.256, 0.216, 
0.195, 0.33, 0.273, 0.202, 
0.198, 0.33, 0.251, 0.221, 
0.195, 0.341, 0.228, 0.236, 
0.215, 0.312, 0.277, 0.196, 
0.205, 0.319, 0.289, 0.187, 
0.206, 0.325, 0.246, 0.223, 
0.186, 0.018, 0.214, 0.582, 
0.184, 0.014, 0.213, 0.589, 
0.228, 0.296, 0.224, 0.252, 
0.198, 0.325, 0.295, 0.182, 
