0.0567563, 0.694502, 0.159478, 0.0892638, 
0.658413, 0.0869733, 0.199365, 0.0552479, 
0.478711, 0.0769009, 0.355424, 0.0889641, 
0.542751, 0.0564932, 0.286446, 0.114309, 
0.818782, 0.0741806, 0.0536685, 0.0533692, 
0.526661, 0.108099, 0.2951, 0.0701404, 
0.47619, 0.037939, 0.319655, 0.166216, 
0.482826, 0.0614616, 0.239619, 0.216093, 
0.432403, 0.18745, 0.155959, 0.224189, 
0.406994, 0.296184, 0.041833, 0.254989, 
0.179008, 0.527589, 0.190876, 0.102528, 
0.115181, 0.484039, 0.342079, 0.0587003, 
0.24436, 0.0776976, 0.305605, 0.372337, 
0.684205, 0.200308, 0.0767972, 0.0386899, 
0.06228, 0.638411, 0.100413, 0.198896, 
0.0645292, 0.620913, 0.194542, 0.120016, 
0.649998, 0.22674, 0.115917, 0.0073458, 
0.193774, 0.514576, 0.105203, 0.186446, 
0.255349, 0.527865, 0.0949204, 0.121866, 
0.182507, 0.627103, 0.102257, 0.0881328, 
0.277256, 0.547316, 0.0736032, 0.101825, 
0.30204, 0.0193599, 0.465529, 0.213071, 
0.491562, 0.0455542, 0.431301, 0.0315827, 
0.640812, 0.28584, 0.0208642, 0.0524834, 
0.366251, 0.0157898, 0.516266, 0.101694, 
0.308042, 0.0381478, 0.563229, 0.0905813, 
0.740524, 0.0430026, 0.094583, 0.121891, 
0.522029, 0.0342712, 0.316828, 0.126872, 
0.294029, 0.094631, 0.560109, 0.0512304, 
0.271141, 0.0424045, 0.64055, 0.0459048, 
0.804621, 0.0600955, 0.106343, 0.0289406, 
0.586629, 0.0557934, 0.244534, 0.113043, 
0.123565, 0.122761, 0.40072, 0.352955, 
0.191677, 0.108185, 0.506661, 0.193476, 
0.0878083, 0.634523, 0.105621, 0.172048, 
0.112633, 0.0411945, 0.424572, 0.421601, 
0.643024, 0.116226, 0.178703, 0.0620475, 
0.627864, 0.211149, 0.0962485, 0.0647378, 
0.255943, 0.546925, 0.158193, 0.0389393, 
0.659606, 0.28004, 0.0362302, 0.0241232, 
0.181897, 0.648709, 0.11287, 0.0565238, 
0.152632, 0.60558, 0.193614, 0.0481731, 
0.122237, 0.671909, 0.0374031, 0.168452, 
0.0487788, 0.598182, 0.299607, 0.0534324, 
0.623253, 0.151154, 0.200596, 0.024997, 
0.606906, 0.240341, 0.123367, 0.029386, 
0.577886, 0.0552729, 0.264593, 0.102249, 
0.81685, 0.0606744, 0.0829115, 0.0395643, 
0.665932, 0.278996, 0.0163747, 0.038697, 
0.635895, 0.0709766, 0.226207, 0.0669215, 
0.107302, 0.658988, 0.0291514, 0.204559, 
0.57383, 0.0512958, 0.24567, 0.129204, 
0.798144, 0.0628406, 0.0020255, 0.13699, 
0.111148, 0.605839, 0.111853, 0.171161, 
0.363822, 0.0321709, 0.412626, 0.191381, 
0.0519131, 0.6114, 0.249975, 0.0867119, 
0.773371, 0.0588979, 0.0821031, 0.0856275, 
0.508745, 0.060444, 0.308694, 0.122116, 
0.339525, 0.146932, 0.208158, 0.305385, 
0.346512, 0.341855, 0.121747, 0.189887, 
0.31368, 0.508689, 0.129372, 0.0482597, 
0.698704, 0.138527, 0.121247, 0.0415219, 
0.228942, 0.505792, 0.107376, 0.157889, 
0.0704165, 0.627727, 0.151719, 0.150138, 
0.661525, 0.162497, 0.14539, 0.0305884, 
0.672299, 0.23462, 0.0022413, 0.0908398, 
0.468638, 0.019771, 0.39378, 0.117811, 
0.102048, 0.0837697, 0.40851, 0.405672, 
0.145177, 0.650301, 0.0744787, 0.130043, 
0.263936, 0.548105, 0.161056, 0.0269031, 
0.652166, 0.0550837, 0.236795, 0.0559557, 
0.149552, 0.662541, 0.0707329, 0.117175, 
0.0429468, 0.605103, 0.327752, 0.0241982, 
0.616727, 0.186195, 0.180874, 0.0162039, 
0.0675558, 0.729962, 0.0744511, 0.128031, 
0.450659, 0.0761875, 0.349559, 0.123594, 
0.696263, 0.0969477, 0.0796977, 0.127091, 
0.574262, 0.370282, 0.0143769, 0.0410791, 
0.198501, 0.582183, 0.0655002, 0.153816, 
0.467796, 0.174327, 0.187049, 0.170828, 
0.316682, 0.447981, 0.0689088, 0.166428, 
0.151616, 0.126476, 0.437152, 0.284756, 
0.209092, 0.662486, 0.0568013, 0.0716204, 
0.030737, 0.592302, 0.348563, 0.0283986, 
0.42363, 0.0554337, 0.494373, 0.0265636, 
0.102844, 0.621641, 0.117848, 0.157667, 
0.266769, 0.0463978, 0.604709, 0.0821244, 
0.276871, 0.0468974, 0.591812, 0.0844191, 
0.635359, 0.261111, 0.0484585, 0.0550725, 
0.383665, 0.0695632, 0.526512, 0.0202593, 
0.345964, 0.0797992, 0.542214, 0.0320231, 
0.311892, 0.092424, 0.552516, 0.043168, 
0.107681, 0.629865, 0.134025, 0.128429, 
0.282666, 0.0925252, 0.56967, 0.0551391, 
0.300114, 0.0478602, 0.627105, 0.0249214, 
0.292243, 0.0418491, 0.637098, 0.0288098, 
0.280732, 0.0368761, 0.64762, 0.0347728, 
0.260231, 0.638139, 0.0230919, 0.0785381, 
0.271971, 0.65181, 0.0392995, 0.036919, 
0.122285, 0.626548, 0.148021, 0.103147, 
0.133611, 0.617973, 0.168154, 0.0802626, 
0.614864, 0.268459, 0.0753332, 0.0413439, 
0.254551, 0.0541057, 0.622991, 0.0683528, 
0.232591, 0.0810669, 0.572433, 0.113909, 
0.141695, 0.606557, 0.188424, 0.0633238, 
0.0401148, 0.593069, 0.277698, 0.0891178, 
0.540042, 0.124196, 0.28406, 0.0517016, 
0.562165, 0.123929, 0.268987, 0.044918, 
0.558277, 0.126897, 0.245373, 0.0694525, 
0.60278, 0.108439, 0.226797, 0.0619844, 
0.466151, 0.0885499, 0.331979, 0.11332, 
0.219293, 0.572692, 0.0784891, 0.129526, 
0.191573, 0.615887, 0.09178, 0.10076, 
0.69709, 0.146407, 0.1477, 0.0088028, 
0.474571, 0.0345656, 0.339536, 0.151327, 
0.494213, 0.10421, 0.304128, 0.0974484, 
0.502928, 0.104414, 0.303742, 0.0889153, 
0.517233, 0.105555, 0.299469, 0.0777426, 
0.459794, 0.0878366, 0.32957, 0.122799, 
0.422626, 0.0682667, 0.367878, 0.141229, 
0.239786, 0.544268, 0.098749, 0.117197, 
0.231435, 0.557714, 0.0860563, 0.124795, 
0.0352253, 0.674617, 0.203637, 0.0865205, 
0.47645, 0.0439197, 0.291717, 0.187913, 
0.394934, 0.411972, 0.110587, 0.0825067, 
0.0458469, 0.657419, 0.262329, 0.0344053, 
0.391666, 0.402513, 0.13335, 0.072471, 
0.083927, 0.638903, 0.050155, 0.227015, 
0.464617, 0.0812885, 0.178876, 0.275219, 
0.671014, 0.0940474, 0.185833, 0.0491063, 
0.48053, 0.0628843, 0.331989, 0.124597, 
0.428454, 0.0109868, 0.445991, 0.114568, 
0.244654, 0.658992, 0.0214453, 0.0749087, 
0.39477, 0.354089, 0.207779, 0.0433618, 
0.244993, 0.674654, 0.0127656, 0.0675868, 
0.0561668, 0.620207, 0.135467, 0.18816, 
0.0695144, 0.607187, 0.171375, 0.151923, 
0.0738416, 0.596124, 0.213738, 0.116297, 
0.0661326, 0.585832, 0.264854, 0.0831815, 
0.0575661, 0.574295, 0.313179, 0.0549599, 
0.0440198, 0.568841, 0.346227, 0.0409127, 
0.0264261, 0.569184, 0.367255, 0.037135, 
0.584338, 0.312915, 0.0668983, 0.0358482, 
0.591815, 0.25074, 0.113227, 0.0442183, 
0.600411, 0.202238, 0.135715, 0.0616356, 
0.613059, 0.139209, 0.150382, 0.0973503, 
0.626389, 0.0855198, 0.148818, 0.139273, 
0.633605, 0.0705068, 0.127266, 0.168623, 
0.638151, 0.0857864, 0.0815848, 0.194477, 
0.091246, 0.564523, 0.191197, 0.153034, 
0.10238, 0.556068, 0.215462, 0.12609, 
0.106499, 0.548592, 0.245242, 0.0996661, 
0.101956, 0.540986, 0.28158, 0.0754773, 
0.0952127, 0.531763, 0.317349, 0.0556759, 
0.0836695, 0.525864, 0.343352, 0.0471151, 
0.0681812, 0.523616, 0.360265, 0.0479379, 
0.0535956, 0.528377, 0.358079, 0.0599477, 
0.0477429, 0.537997, 0.337229, 0.0770303, 
0.0489601, 0.547128, 0.311262, 0.0926495, 
0.0553508, 0.559104, 0.269201, 0.116345, 
0.0634057, 0.56835, 0.225942, 0.142302, 
0.0692868, 0.571847, 0.2002, 0.158666, 
0.0781395, 0.571126, 0.184113, 0.166622, 
0.616515, 0.178113, 0.205372, 0.0, 
0.0457403, 0.14414, 0.184879, 0.62524, 
0.119881, 0.36631, 0.429762, 0.0840469, 
0.117671, 0.51224, 0.296533, 0.0735556, 
0.254051, 0.332249, 0.16641, 0.24729, 
0.0897601, 0.45966, 0.233085, 0.217495, 
0.156034, 0.100525, 0.268839, 0.474602, 
0.280727, 0.037191, 0.458087, 0.223995, 
0.242955, 0.438765, 0.273222, 0.0450566, 
0.136077, 0.456257, 0.125322, 0.282344, 
0.26676, 0.188049, 0.545191, 0.0, 
0.33183, 0.605011, 0.0631597, 0.0, 
0.523274, 0.398341, 0.078385, 0.0, 
0.626601, 0.129963, 0.243437, 0.0, 
0.40421, 0.110442, 0.485348, 0.0, 
0.26009, 0.408631, 0.289077, 0.0422015, 
0.241577, 0.358195, 0.153573, 0.246655, 
0.258416, 0.415979, 0.010819, 0.314787, 
0.23938, 0.362614, 0.238416, 0.159589, 
0.227061, 0.320611, 0.159194, 0.293134, 
0.234672, 0.312127, 0.176673, 0.276529, 
0.232334, 0.414674, 0.290205, 0.0627867, 
0.24455, 0.391423, 0.266666, 0.0973616, 
0.2452, 0.389107, 0.265307, 0.100387, 
0.249556, 0.414277, 0.292813, 0.043354, 
0.239867, 0.370219, 0.242873, 0.14704, 
0.23816, 0.364109, 0.237309, 0.160421, 
0.232021, 0.348068, 0.220362, 0.199548, 
0.24421, 0.383133, 0.259506, 0.113151, 
0.251954, 0.415598, 0.295216, 0.0372326, 
0.242141, 0.374758, 0.251032, 0.132069, 
0.250366, 0.419669, 0.0197158, 0.31025, 
0.229263, 0.340915, 0.213155, 0.216667, 
0.221347, 0.237265, 0.317018, 0.22437, 
0.0912655, 0.159939, 0.467824, 0.280971, 
0.627241, 0.125436, 0.188951, 0.0583725, 
0.759057, 0.196174, 0.0248257, 0.019943, 
0.0574198, 0.790394, 0.0699161, 0.0822701, 
0.137462, 0.396564, 0.414137, 0.051837, 
0.117808, 0.754016, 0.0869845, 0.0411917, 
0.151166, 0.16338, 0.626453, 0.0590005, 
0.0382689, 0.165677, 0.517927, 0.278127, 
0.0980335, 0.76762, 0.0610214, 0.0733247, 
0.133004, 0.72175, 0.0174005, 0.127846, 
0.165447, 0.276348, 0.529067, 0.0291387, 
0.0885391, 0.19, 0.507587, 0.213874, 
0.608443, 0.188312, 0.190522, 0.0127229, 
0.756434, 0.0441469, 0.173505, 0.0259145, 
0.622082, 0.087671, 0.246504, 0.0437433, 
0.0498695, 0.74107, 0.0760274, 0.133033, 
0.0592977, 0.130484, 0.668707, 0.141511, 
0.0468868, 0.175937, 0.310337, 0.46684, 
0.170165, 0.108863, 0.460706, 0.260265, 
0.0902041, 0.0713278, 0.583838, 0.25463, 
0.208929, 0.227057, 0.225383, 0.33863, 
0.147754, 0.204765, 0.481601, 0.16588, 
0.0991689, 0.557829, 0.0799928, 0.26301, 
0.690821, 0.177249, 0.0653817, 0.0665482, 
0.103585, 0.513543, 0.236103, 0.146769, 
0.0760277, 0.0608011, 0.588411, 0.27476, 
0.244991, 0.384603, 0.0928327, 0.277572, 
0.264729, 0.448524, 0.153009, 0.133738, 
0.403328, 0.25545, 0.146947, 0.194276, 
0.378528, 0.235846, 0.176737, 0.208889, 
0.253786, 0.0052683, 0.327631, 0.413315, 
0.289909, 0.195864, 0.151112, 0.363114, 
0.118252, 0.0719106, 0.505369, 0.304468, 
0.131398, 0.135394, 0.410741, 0.322467, 
0.0817163, 0.235643, 0.329895, 0.352745, 
0.386247, 0.207094, 0.314086, 0.092573, 
0.0633594, 0.551586, 0.0753993, 0.309655, 
0.0746718, 0.500677, 0.0330241, 0.391627, 
0.0420618, 0.536453, 0.0244235, 0.397062, 
0.0175805, 0.609846, 0.0587087, 0.313864, 
0.0773235, 0.479775, 0.442901, 0.0, 
0.0517377, 0.0194482, 0.481853, 0.446961, 
0.14055, 0.0346372, 0.417493, 0.40732, 
0.641429, 0.0270448, 0.30346, 0.0280657, 
0.141833, 0.287392, 0.201733, 0.369042, 
0.0934883, 0.0464307, 0.42698, 0.433101, 
0.116504, 0.481887, 0.401609, 0.0, 
0.187312, 0.0844764, 0.328444, 0.399768, 
0.117519, 0.48437, 0.0862714, 0.311839, 
0.212661, 0.359612, 0.0762523, 0.351475, 
0.0124025, 0.659404, 0.0759242, 0.252269, 
0.047492, 0.61429, 0.115707, 0.222511, 
0.686613, 0.0397834, 0.242206, 0.0313969, 
0.0638162, 0.623115, 0.0592437, 0.253825, 
0.0516016, 0.639057, 0.140041, 0.1693, 
0.0225562, 0.166606, 0.473877, 0.33696, 
0.103374, 0.756806, 0.0884923, 0.0513277, 
0.103549, 0.123412, 0.680533, 0.0925063, 
0.0540664, 0.66251, 0.160694, 0.12273, 
0.01189, 0.153855, 0.678152, 0.156103, 
0.0657693, 0.181358, 0.64011, 0.112763, 
0.128819, 0.577198, 0.238646, 0.0553367, 
0.201893, 0.0817606, 0.526516, 0.189831, 
0.102926, 0.115257, 0.682218, 0.0995987, 
0.136343, 0.203578, 0.593019, 0.0670606, 
0.242148, 0.124625, 0.458469, 0.174758, 
0.109019, 0.575928, 0.206676, 0.108377, 
0.104416, 0.566612, 0.181072, 0.147899, 
0.218006, 0.433506, 0.247866, 0.100622, 
0.205135, 0.456744, 0.20449, 0.133631, 
0.108275, 0.531986, 0.139641, 0.220098, 
0.213177, 0.402667, 0.145552, 0.238604, 
0.21051, 0.225201, 0.216052, 0.348237, 
0.15025, 0.497729, 0.0639218, 0.288099, 
0.259168, 0.34739, 0.393442, 0.0, 
0.301272, 0.519129, 0.121765, 0.0578337, 
0.231049, 0.32856, 0.134563, 0.305828, 
0.138953, 0.635501, 0.0145124, 0.211034, 
0.270592, 0.445666, 0.283742, 0.0, 
0.255577, 0.409276, 0.196923, 0.138223, 
0.32961, 0.451447, 0.0800364, 0.138906, 
0.35253, 0.359224, 0.112864, 0.175382, 
0.267116, 0.384327, 0.243505, 0.105051, 
0.243486, 0.0580813, 0.481205, 0.217228, 
0.340985, 0.358368, 0.192369, 0.108279, 
0.36218, 0.374304, 0.117032, 0.146484, 
0.289628, 0.0872143, 0.38991, 0.233247, 
0.375069, 0.261493, 0.271108, 0.0923301, 
0.168033, 0.0933921, 0.179394, 0.55918, 
0.271861, 0.156929, 0.526107, 0.045102, 
0.147501, 0.355055, 0.116045, 0.3814, 
0.0608209, 0.264074, 0.247988, 0.427117, 
0.354946, 0.201235, 0.384091, 0.0597284, 
0.212513, 0.423912, 0.0640862, 0.299488, 
0.226514, 0.47588, 0.210893, 0.086713, 
0.206834, 0.368561, 0.323329, 0.101277, 
0.102349, 0.518167, 0.0766702, 0.302814, 
0.0979471, 0.471057, 0.172817, 0.258178, 
0.396964, 0.0380541, 0.511936, 0.0530457, 
0.342797, 0.14064, 0.437788, 0.0787758, 
0.238891, 0.255394, 0.424372, 0.0813428, 
0.0890736, 0.368931, 0.288566, 0.253429, 
0.20529, 0.0279769, 0.338923, 0.42781, 
0.0504999, 0.107551, 0.403646, 0.438302, 
0.0914344, 0.342024, 0.119532, 0.44701, 
0.432908, 0.20348, 0.265014, 0.0985986, 
0.33831, 0.0469916, 0.112309, 0.50239, 
0.0739294, 0.480011, 0.420314, 0.0257453, 
0.0498171, 0.627084, 0.0746763, 0.248423, 
0.0423958, 0.0725768, 0.144743, 0.740284, 
0.0392974, 0.0556071, 0.117745, 0.78735, 
0.0692905, 0.110579, 0.766754, 0.0533772, 
0.168207, 0.213622, 0.581146, 0.0370245, 
0.106145, 0.0854304, 0.22064, 0.587785, 
0.195238, 0.108827, 0.629954, 0.0659823, 
0.112385, 0.227696, 0.591044, 0.0688749, 
0.383043, 0.116495, 0.500462, 0.0, 
0.458626, 0.0497282, 0.181407, 0.310239, 
0.241495, 0.270792, 0.361602, 0.12611, 
0.353951, 0.281721, 0.240644, 0.123685, 
0.411114, 0.114292, 0.302542, 0.172052, 
0.410779, 0.2963, 0.120547, 0.172375, 
0.48171, 0.250037, 0.133112, 0.135141, 
0.425105, 0.0946855, 0.105682, 0.374528, 
0.337449, 0.0374707, 0.118995, 0.506085, 
0.214298, 0.272215, 0.197524, 0.315964, 
0.150107, 0.335851, 0.281426, 0.232617, 
0.0584324, 0.297598, 0.461332, 0.182637, 
0.0192646, 0.393642, 0.0512392, 0.535854, 
0.285613, 0.360157, 0.14372, 0.21051, 
0.261522, 0.410518, 0.151103, 0.176857, 
0.274816, 0.243743, 0.282563, 0.198878, 
0.247408, 0.258201, 0.325906, 0.168485, 
0.220803, 0.310852, 0.293517, 0.174828, 
0.209146, 0.359022, 0.281763, 0.150069, 
0.131572, 0.224572, 0.508247, 0.135608, 
0.219092, 0.318406, 0.353465, 0.109038, 
0.127514, 0.446215, 0.0216182, 0.404653, 
0.164531, 0.504596, 0.0482548, 0.282618, 
0.124109, 0.0318209, 0.544526, 0.299544, 
0.118102, 0.48042, 0.319023, 0.082456, 
0.241855, 0.203078, 0.392705, 0.162362, 
0.0446194, 0.308983, 0.379747, 0.266651, 
0.201544, 0.575412, 0.137459, 0.0855847, 
0.292346, 0.17469, 0.261317, 0.271647, 
0.205275, 0.422031, 0.329316, 0.0433784, 
0.26638, 0.26148, 0.400856, 0.0712837, 
0.184396, 0.089718, 0.41933, 0.306556, 
0.156468, 0.159359, 0.363435, 0.320738, 
0.0595842, 0.35114, 0.201159, 0.388117, 
0.21046, 0.521264, 0.183171, 0.0851045, 
0.566106, 0.241591, 0.192303, 0.0, 
0.470383, 0.120057, 0.274906, 0.134653, 
0.0726866, 0.369694, 0.234824, 0.322795, 
0.233713, 0.467172, 0.11222, 0.186895, 
0.233436, 0.33004, 0.184185, 0.25234, 
0.267558, 0.556377, 0.063555, 0.11251, 
0.174673, 0.710207, 0.0718473, 0.0432731, 
0.136785, 0.677857, 0.0704524, 0.114906, 
0.524104, 0.178834, 0.0573625, 0.2397, 
0.398341, 0.360675, 0.0709911, 0.169993, 
0.418405, 0.366424, 0.022302, 0.192869, 
0.462092, 0.171957, 0.140732, 0.225219, 
0.589542, 0.0761419, 0.0426117, 0.291704, 
0.570649, 0.141948, 0.279593, 0.0078096, 
0.504427, 0.120403, 0.120064, 0.255107, 
0.458283, 0.239682, 0.110469, 0.191565, 
0.579341, 0.0157595, 0.140083, 0.264817, 
0.478192, 0.13251, 0.175329, 0.213969, 
0.110043, 0.757525, 0.122329, 0.010103, 
0.0590147, 0.823613, 0.0628306, 0.0545421, 
0.0561841, 0.739886, 0.041694, 0.162236, 
0.0280829, 0.681673, 0.158237, 0.132007, 
0.541043, 0.204468, 0.0379433, 0.216546, 
0.251051, 0.414061, 0.0705363, 0.264352, 
0.233507, 0.385759, 0.135505, 0.245229, 
0.545092, 0.120467, 0.123979, 0.210462, 
0.282746, 0.211266, 0.248441, 0.257547, 
0.297548, 0.278331, 0.171579, 0.252542, 
0.230262, 0.157457, 0.375566, 0.236715, 
0.220199, 0.233942, 0.340692, 0.205167, 
0.187888, 0.0509382, 0.530193, 0.230981, 
0.165274, 0.152804, 0.512131, 0.16979, 
0.212512, 0.312893, 0.30411, 0.170485, 
0.220023, 0.418206, 0.313094, 0.0486765, 
0.196791, 0.462269, 0.157141, 0.183799, 
0.175824, 0.378566, 0.13377, 0.311841, 
0.11822, 0.21973, 0.153758, 0.508293, 
0.148091, 0.282264, 0.276971, 0.292674, 
0.106745, 0.277553, 0.362001, 0.253701, 
0.161421, 0.0639906, 0.206476, 0.568113, 
0.154463, 0.0491697, 0.708318, 0.0880495, 
0.0924763, 0.129269, 0.628301, 0.149953, 
0.0707709, 0.410434, 0.36297, 0.155825, 
0.247877, 0.468634, 0.247237, 0.0362524, 
0.092439, 0.661892, 0.192294, 0.0533751, 
0.632174, 0.213143, 0.102863, 0.0518196, 
0.412321, 0.0314104, 0.441457, 0.114812, 
0.141437, 0.0846332, 0.591861, 0.182068, 
0.0419102, 0.0949459, 0.748778, 0.114366, 
0.0290218, 0.798687, 0.1203, 0.0519909, 
0.0624872, 0.752168, 0.135873, 0.0494715, 
0.146222, 0.296337, 0.283556, 0.273884, 
0.370767, 0.332008, 0.036925, 0.2603, 
0.0956523, 0.504062, 0.247389, 0.152896, 
0.202169, 0.421628, 0.228621, 0.147581, 
0.143145, 0.672723, 0.134754, 0.0493787, 
0.230913, 0.551687, 0.127782, 0.089618, 
0.673892, 0.0673656, 0.111159, 0.147583, 
0.572279, 0.214397, 0.0663201, 0.147004, 
0.493913, 0.122909, 0.192551, 0.190627, 
0.43942, 0.26726, 0.138264, 0.155056, 
0.383221, 0.402318, 0.0808918, 0.133569, 
0.473744, 0.350712, 0.154163, 0.0213812, 
0.302876, 0.202284, 0.255236, 0.239603, 
0.313769, 0.332372, 0.192304, 0.161555, 
0.309058, 0.465911, 0.106487, 0.118544, 
0.369412, 0.197651, 0.432938, 0.0, 
0.101722, 0.17836, 0.576501, 0.143417, 
0.187538, 0.480789, 0.0762947, 0.255378, 
0.0264246, 0.413739, 0.31972, 0.240116, 
0.387493, 0.390729, 0.147067, 0.0747105, 
0.202135, 0.0284145, 0.656369, 0.113082, 
0.0757048, 0.562509, 0.103239, 0.258547, 
0.522151, 0.0642814, 0.160925, 0.252642, 
0.483809, 0.170673, 0.143349, 0.202169, 
0.113097, 0.484003, 0.344775, 0.0581255, 
0.186312, 0.328962, 0.340035, 0.144691, 
0.200367, 0.217352, 0.455412, 0.126869, 
0.056494, 0.0510199, 0.358966, 0.53352, 
0.363196, 0.17706, 0.286645, 0.173098, 
0.398545, 0.22645, 0.228296, 0.14671, 
0.430302, 0.256196, 0.1472, 0.166302, 
0.203166, 0.338025, 0.143972, 0.314837, 
0.112895, 0.159581, 0.592636, 0.134888, 
0.108321, 0.595203, 0.242088, 0.0543887, 
0.0107892, 0.192152, 0.423993, 0.373066, 
0.0081096, 0.301454, 0.525784, 0.164652, 
0.24074, 0.182294, 0.467058, 0.109908, 
0.207944, 0.224089, 0.541569, 0.0263976, 
0.161096, 0.368275, 0.437239, 0.0333893, 
0.176526, 0.273153, 0.351524, 0.198797, 
0.243591, 0.401005, 0.302423, 0.0529816, 
0.213169, 0.0849788, 0.44705, 0.254803, 
0.14094, 0.147674, 0.329929, 0.381458, 
0.158036, 0.0398543, 0.315863, 0.486246, 
0.263152, 0.345155, 0.315255, 0.0764385, 
0.184633, 0.28564, 0.483915, 0.0458116, 
0.328866, 0.0847836, 0.37899, 0.207361, 
0.386358, 0.179083, 0.241117, 0.193442, 
0.0099704, 0.205383, 0.575097, 0.209549, 
0.108629, 0.756361, 0.108433, 0.0265767, 
0.0572795, 0.887559, 0.0234941, 0.0316679, 
0.112561, 0.0437772, 0.808254, 0.0354078, 
0.19416, 0.0422365, 0.705544, 0.0580597, 
0.196825, 0.601418, 0.0543952, 0.147361, 
0.359365, 0.482071, 0.047153, 0.11141, 
0.29878, 0.553099, 0.0632966, 0.0848243, 
0.397937, 0.399536, 0.067112, 0.135415, 
0.134617, 0.294975, 0.084403, 0.486005, 
0.134207, 0.288244, 0.0882051, 0.489343, 
0.149508, 0.277468, 0.109307, 0.463718, 
0.146461, 0.283338, 0.100819, 0.469383, 
0.136034, 0.282788, 0.0937517, 0.487426, 
0.148224, 0.270927, 0.110541, 0.470308, 
0.159464, 0.262509, 0.124234, 0.453793, 
0.161571, 0.270201, 0.123815, 0.444413, 
0.158986, 0.276953, 0.114888, 0.449174, 
0.19604, 0.235517, 0.182493, 0.385951, 
0.191541, 0.236996, 0.172469, 0.398995, 
0.198252, 0.236792, 0.178936, 0.38602, 
0.201469, 0.234935, 0.187328, 0.376269, 
0.194162, 0.243291, 0.173853, 0.388694, 
0.196574, 0.241264, 0.173006, 0.389156, 
0.19799, 0.242282, 0.168454, 0.391274, 
0.199849, 0.237371, 0.174957, 0.387823, 
0.203608, 0.236455, 0.184928, 0.375009, 
0.177082, 0.240366, 0.156722, 0.42583, 
0.181141, 0.237163, 0.160206, 0.42149, 
0.176994, 0.238384, 0.153444, 0.431178, 
0.16976, 0.242208, 0.146021, 0.442011, 
0.190645, 0.236757, 0.1727, 0.399898, 
0.181424, 0.241664, 0.153912, 0.423001, 
0.175223, 0.244474, 0.149172, 0.431131, 
0.163738, 0.248525, 0.135854, 0.451883, 
0.161029, 0.255645, 0.129656, 0.45367, 
0.171287, 0.250769, 0.14045, 0.437494, 
0.170227, 0.258294, 0.135292, 0.436188, 
0.181665, 0.250142, 0.150897, 0.417296, 
0.180035, 0.258223, 0.143668, 0.418074, 
0.196481, 0.236607, 0.177643, 0.38927, 
0.189753, 0.242377, 0.162157, 0.405713, 
0.195874, 0.237554, 0.169299, 0.397274, 
0.194961, 0.24421, 0.164856, 0.395972, 
0.182021, 0.240144, 0.16008, 0.417755, 
0.177001, 0.244154, 0.149105, 0.42974, 
0.16868, 0.241921, 0.143497, 0.445902, 
0.167137, 0.248325, 0.138812, 0.445726, 
0.177922, 0.250004, 0.146668, 0.425406, 
0.185246, 0.246, 0.154881, 0.413873, 
0.16831, 0.256598, 0.135031, 0.440061, 
0.16984, 0.258512, 0.135132, 0.436516, 
0.179197, 0.251752, 0.146676, 0.422376, 
0.186692, 0.247964, 0.155114, 0.41023, 
0.204459, 0.232957, 0.194725, 0.367859, 
0.195263, 0.235811, 0.183555, 0.385372, 
0.197809, 0.23067, 0.192595, 0.378927, 
0.202593, 0.226182, 0.196721, 0.374505, 
0.171688, 0.238935, 0.150856, 0.438521, 
0.184565, 0.236436, 0.175396, 0.403603, 
0.187038, 0.233717, 0.183445, 0.395799, 
0.194686, 0.226695, 0.191999, 0.38662, 
0.199318, 0.222452, 0.195978, 0.382252, 
0.201213, 0.242132, 0.170992, 0.385663, 
0.195967, 0.240001, 0.16829, 0.395742, 
0.203912, 0.236779, 0.184953, 0.374356, 
0.205731, 0.23739, 0.182035, 0.374845, 
0.196767, 0.242464, 0.175294, 0.385475, 
0.197563, 0.23703, 0.179382, 0.386025, 
0.2094, 0.232475, 0.198191, 0.359934, 
0.212998, 0.233828, 0.198678, 0.354496, 
0.1703, 0.249939, 0.140759, 0.439003, 
0.170292, 0.25502, 0.137636, 0.437051, 
0.158712, 0.263286, 0.123932, 0.454069, 
0.157906, 0.259109, 0.125541, 0.457444, 
0.158173, 0.266975, 0.12085, 0.454002, 
0.144545, 0.277774, 0.103524, 0.474156, 
0.144733, 0.27478, 0.10559, 0.474897, 
0.145134, 0.27135, 0.108737, 0.474779, 
0.169745, 0.244248, 0.143623, 0.442384, 
0.156837, 0.253696, 0.12795, 0.461517, 
0.155367, 0.247844, 0.130411, 0.466378, 
0.143036, 0.266261, 0.109906, 0.480797, 
0.142108, 0.261242, 0.11319, 0.48346, 
0.180101, 0.248568, 0.149215, 0.422116, 
0.187639, 0.245008, 0.157435, 0.409919, 
0.180393, 0.243293, 0.152449, 0.423865, 
0.180051, 0.237426, 0.155258, 0.427265, 
0.207259, 0.22561, 0.199536, 0.367594, 
0.211983, 0.227363, 0.201765, 0.358888, 
0.204044, 0.221953, 0.198854, 0.375149, 
0.209009, 0.224645, 0.200921, 0.365425, 
0.218245, 0.242047, 0.192672, 0.347036, 
0.21551, 0.236108, 0.196383, 0.351999, 
0.216718, 0.231088, 0.203602, 0.348592, 
0.218382, 0.237205, 0.196888, 0.347525, 
0.213872, 0.229272, 0.20258, 0.354276, 
0.216974, 0.236102, 0.198556, 0.348368, 
0.213165, 0.253014, 0.178, 0.355821, 
0.207054, 0.245817, 0.174772, 0.372357, 
0.210433, 0.240403, 0.183803, 0.365361, 
0.220258, 0.24904, 0.194589, 0.336113, 
0.216809, 0.268477, 0.174759, 0.339956, 
0.21985, 0.270758, 0.183622, 0.32577, 
0.211337, 0.258768, 0.173938, 0.355957, 
0.213479, 0.257306, 0.176944, 0.352271, 
0.213315, 0.268952, 0.170421, 0.347312, 
0.209977, 0.262461, 0.170466, 0.357096, 
0.20503, 0.254249, 0.169617, 0.371104, 
0.207111, 0.249475, 0.175468, 0.367946, 
0.208264, 0.245285, 0.178003, 0.368448, 
0.215147, 0.262162, 0.175795, 0.346896, 
0.219101, 0.273934, 0.173916, 0.333049, 
0.209795, 0.249563, 0.176676, 0.363966, 
0.209431, 0.254825, 0.173376, 0.362367, 
0.215245, 0.26664, 0.173257, 0.344857, 
0.220317, 0.281869, 0.170612, 0.327201, 
0.208909, 0.260765, 0.169009, 0.361317, 
0.214527, 0.272037, 0.168689, 0.344748, 
0.214236, 0.26993, 0.17006, 0.345774, 
0.209353, 0.259444, 0.17146, 0.359744, 
0.219797, 0.283133, 0.168285, 0.328784, 
0.220019, 0.282449, 0.170063, 0.327469, 
0.197983, 0.248105, 0.165254, 0.388658, 
0.203457, 0.251868, 0.168541, 0.376134, 
0.204131, 0.246754, 0.172465, 0.37665, 
0.200089, 0.25117, 0.166485, 0.382256, 
0.204111, 0.253879, 0.167896, 0.374115, 
0.216582, 0.269611, 0.171894, 0.341913, 
0.221946, 0.281452, 0.171225, 0.325376, 
0.210542, 0.258243, 0.171773, 0.359441, 
0.218697, 0.264563, 0.176833, 0.339907, 
0.224784, 0.277617, 0.176448, 0.321151, 
0.205588, 0.25109, 0.170684, 0.372637, 
0.201063, 0.248083, 0.168591, 0.382264, 
0.195259, 0.245398, 0.16484, 0.394502, 
0.193201, 0.248021, 0.160681, 0.398097, 
0.191906, 0.245703, 0.160961, 0.401431, 
0.202271, 0.237797, 0.175408, 0.384524, 
0.203938, 0.240632, 0.17515, 0.38028, 
0.19995, 0.247278, 0.168158, 0.384614, 
0.206373, 0.243963, 0.183068, 0.366595, 
0.199703, 0.252817, 0.164946, 0.382533, 
0.196575, 0.253384, 0.162692, 0.387349, 
0.203369, 0.259977, 0.16477, 0.371884, 
0.198503, 0.265408, 0.156686, 0.379403, 
0.189808, 0.251727, 0.157584, 0.400881, 
0.188876, 0.2607, 0.150152, 0.400272, 
0.169863, 0.266377, 0.130145, 0.433615, 
0.170563, 0.275147, 0.125435, 0.428854, 
0.180102, 0.267008, 0.138584, 0.414306, 
0.181154, 0.276355, 0.133856, 0.408634, 
0.194937, 0.28268, 0.142744, 0.379638, 
0.189498, 0.279682, 0.139369, 0.391451, 
0.189009, 0.270379, 0.144611, 0.396001, 
0.196635, 0.276349, 0.148353, 0.378663, 
0.191919, 0.229323, 0.189033, 0.389725, 
0.196448, 0.226481, 0.192156, 0.384915, 
0.181656, 0.234741, 0.176426, 0.407177, 
0.163328, 0.236904, 0.146234, 0.453534, 
0.182589, 0.23557, 0.171133, 0.410708, 
0.188757, 0.235258, 0.175146, 0.400839, 
0.122336, 0.168651, 0.308837, 0.400176, 
0.121043, 0.180863, 0.283706, 0.414387, 
0.134226, 0.155308, 0.337791, 0.372674, 
0.134221, 0.141806, 0.357189, 0.366785, 
0.118468, 0.192216, 0.254504, 0.434811, 
0.143483, 0.25794, 0.11388, 0.484698, 
0.155961, 0.252841, 0.12616, 0.465038, 
0.159822, 0.246303, 0.135455, 0.458421, 
0.214755, 0.212984, 0.283253, 0.289008, 
0.218291, 0.215958, 0.278425, 0.287327, 
0.19777, 0.171202, 0.310372, 0.320656, 
0.193199, 0.164517, 0.316833, 0.325452, 
0.219193, 0.216092, 0.277535, 0.28718, 
0.200168, 0.175316, 0.307085, 0.317431, 
0.345274, 0.226181, 0.0647687, 0.363777, 
0.322252, 0.0672498, 0.176232, 0.434266, 
0.322701, 0.0743058, 0.168642, 0.434351, 
0.343166, 0.219815, 0.062843, 0.374176, 
0.341319, 0.107778, 0.214095, 0.336807, 
0.343435, 0.10639, 0.228528, 0.321646, 
0.350392, 0.134924, 0.222412, 0.292272, 
0.322361, 0.0636641, 0.19628, 0.417695, 
0.343366, 0.221169, 0.0636472, 0.371818, 
0.209486, 0.238596, 0.183365, 0.368552, 
0.215732, 0.250008, 0.184359, 0.349901, 
0.218827, 0.245606, 0.189257, 0.346311, 
0.207626, 0.249069, 0.17691, 0.366395, 
0.213038, 0.259636, 0.176662, 0.350664, 
0.218417, 0.272753, 0.175945, 0.332885, 
0.221425, 0.264809, 0.183497, 0.330268, 
0.224731, 0.261114, 0.18837, 0.325784, 
0.218922, 0.287767, 0.166286, 0.327024, 
0.218324, 0.279406, 0.170428, 0.331842, 
0.220789, 0.28478, 0.17009, 0.324342, 
0.219299, 0.29318, 0.163672, 0.323848, 
0.222494, 0.293137, 0.167882, 0.316487, 
0.221114, 0.304502, 0.159184, 0.3152, 
0.222624, 0.297695, 0.164064, 0.315618, 
0.222068, 0.299287, 0.162837, 0.315808, 
0.222255, 0.309884, 0.156395, 0.311466, 
0.222652, 0.309328, 0.157548, 0.310473, 
0.349235, 0.139741, 0.201528, 0.309496, 
0.348353, 0.1286, 0.207025, 0.316022, 
0.371919, 0.184524, 0.224809, 0.218748, 
0.242517, 0.371893, 0.14741, 0.238179, 
0.366617, 0.159697, 0.231737, 0.241949, 
0.312349, 0.415742, 0.113382, 0.158527, 
0.294537, 0.375949, 0.151616, 0.177897, 
0.283365, 0.368784, 0.156225, 0.191627, 
0.348906, 0.395701, 0.137208, 0.118185, 
0.387105, 0.183938, 0.232133, 0.196825, 
0.393465, 0.184101, 0.240209, 0.182225, 
0.365813, 0.373777, 0.160132, 0.100278, 
0.369256, 0.138018, 0.234755, 0.257971, 
0.376821, 0.145515, 0.239613, 0.23805, 
0.380792, 0.143444, 0.245183, 0.230581, 
0.39661, 0.181786, 0.242305, 0.179299, 
0.380237, 0.366294, 0.16944, 0.084029, 
0.202771, 0.274085, 0.157028, 0.366115, 
0.208258, 0.281483, 0.158989, 0.351269, 
0.210838, 0.271589, 0.168095, 0.349478, 
0.204883, 0.261895, 0.166298, 0.366925, 
0.213571, 0.289853, 0.160438, 0.336137, 
0.216001, 0.282116, 0.167844, 0.334039, 
0.33373, 0.267677, 0.263213, 0.13538, 
0.325853, 0.325976, 0.201725, 0.146447, 
0.337834, 0.252138, 0.275888, 0.13414, 
0.330784, 0.235206, 0.284128, 0.149882, 
0.313993, 0.237974, 0.278479, 0.169553, 
0.289641, 0.245718, 0.267653, 0.196988, 
0.239274, 0.372105, 0.243476, 0.145145, 
0.234425, 0.351806, 0.220555, 0.193213, 
0.233877, 0.348913, 0.218533, 0.198678, 
0.236822, 0.370619, 0.240207, 0.152352, 
0.233914, 0.353233, 0.220789, 0.192065, 
0.228844, 0.332785, 0.195924, 0.242447, 
0.228912, 0.330945, 0.194822, 0.245321, 
0.227843, 0.328303, 0.192662, 0.251192, 
0.214787, 0.328357, 0.19215, 0.264706, 
0.211951, 0.319887, 0.179784, 0.288379, 
0.210609, 0.313583, 0.171, 0.304809, 
0.215193, 0.32802, 0.191722, 0.265065, 
0.206733, 0.306744, 0.159786, 0.326738, 
0.218483, 0.310739, 0.152242, 0.318536, 
0.211785, 0.31165, 0.169263, 0.307302, 
0.216463, 0.328994, 0.193203, 0.26134, 
0.215381, 0.338878, 0.207823, 0.237918, 
0.215459, 0.333536, 0.200238, 0.250767, 
0.216973, 0.337656, 0.205947, 0.239424, 
0.217312, 0.344683, 0.2157, 0.222304, 
0.21925, 0.341986, 0.212153, 0.226611, 
0.219798, 0.352692, 0.225141, 0.202369, 
0.223796, 0.35994, 0.232405, 0.183858, 
0.22244, 0.364418, 0.238779, 0.174363, 
0.221817, 0.360887, 0.234602, 0.182694, 
0.221939, 0.355456, 0.2279, 0.194705, 
0.220721, 0.36591, 0.241389, 0.17198, 
0.221012, 0.361865, 0.236131, 0.180992, 
0.221698, 0.369841, 0.245764, 0.162696, 
0.221522, 0.368584, 0.244524, 0.165369, 
0.222207, 0.366673, 0.241678, 0.169442, 
0.223473, 0.367763, 0.242428, 0.166335, 
0.393717, 0.18418, 0.233782, 0.188321, 
0.39389, 0.182238, 0.233931, 0.189942, 
0.383428, 0.173646, 0.246797, 0.19613, 
0.38289, 0.174497, 0.243219, 0.199395, 
0.396102, 0.181185, 0.237033, 0.18568, 
0.386014, 0.169254, 0.25503, 0.189702, 
0.374422, 0.163652, 0.229675, 0.232251, 
0.3595, 0.11328, 0.221843, 0.305377, 
0.358222, 0.11393, 0.20947, 0.318379, 
0.225717, 0.324661, 0.189058, 0.260563, 
0.231535, 0.342726, 0.212795, 0.212945, 
0.222838, 0.32051, 0.184417, 0.272236, 
0.226674, 0.331409, 0.199659, 0.242258, 
0.387614, 0.255453, 0.230199, 0.126734, 
0.405135, 0.190417, 0.253043, 0.151405, 
0.362113, 0.351975, 0.175432, 0.110479, 
0.34949, 0.287397, 0.245164, 0.117948, 
0.343916, 0.263027, 0.267231, 0.125826, 
0.407963, 0.189643, 0.25698, 0.145415, 
0.465074, 0.337313, 0.0937546, 0.103858, 
0.466267, 0.341922, 0.0920306, 0.0997808, 
0.104521, 0.451986, 0.26187, 0.181623, 
0.108025, 0.451169, 0.256321, 0.184484, 
0.458538, 0.292628, 0.0913288, 0.157505, 
0.464387, 0.337759, 0.0965831, 0.10127, 
0.45804, 0.306035, 0.100447, 0.135479, 
0.192787, 0.363477, 0.236896, 0.20684, 
0.195024, 0.361872, 0.236365, 0.206739, 
0.199969, 0.367569, 0.242952, 0.18951, 
0.199121, 0.36993, 0.243892, 0.187057, 
0.196726, 0.360423, 0.235391, 0.20746, 
0.200911, 0.364977, 0.241394, 0.192718, 
0.207693, 0.370986, 0.248502, 0.172819, 
0.206345, 0.373029, 0.249237, 0.17139, 
0.204807, 0.373431, 0.247555, 0.174206, 
0.207378, 0.351419, 0.224323, 0.21688, 
0.213172, 0.359719, 0.234542, 0.192567, 
0.212412, 0.360491, 0.236136, 0.190961, 
0.206512, 0.352077, 0.226023, 0.215388, 
0.216846, 0.363638, 0.239229, 0.180287, 
0.216189, 0.36443, 0.240713, 0.178667, 
0.216663, 0.366397, 0.243221, 0.173719, 
0.212252, 0.362198, 0.238711, 0.18684, 
0.206554, 0.354888, 0.229968, 0.208591, 
0.219142, 0.365291, 0.241038, 0.174529, 
0.21832, 0.366177, 0.242345, 0.173159, 
0.218908, 0.366952, 0.243303, 0.170837, 
0.219784, 0.368366, 0.244821, 0.167028, 
0.218892, 0.368084, 0.244749, 0.168276, 
0.21626, 0.368436, 0.246018, 0.169287, 
0.212473, 0.364861, 0.242145, 0.180522, 
0.216413, 0.370626, 0.248511, 0.16445, 
0.212967, 0.36811, 0.246055, 0.172868, 
0.207527, 0.362981, 0.240163, 0.189329, 
0.206836, 0.358415, 0.234505, 0.200244, 
0.220472, 0.371096, 0.247847, 0.160585, 
0.218275, 0.369261, 0.246497, 0.165967, 
0.219612, 0.371399, 0.248408, 0.16058, 
0.218608, 0.371725, 0.249251, 0.160417, 
0.217477, 0.374421, 0.252416, 0.155686, 
0.213753, 0.372082, 0.250331, 0.163834, 
0.218346, 0.378043, 0.255333, 0.148278, 
0.214012, 0.375835, 0.253622, 0.156531, 
0.207918, 0.367157, 0.244935, 0.17999, 
0.219759, 0.374992, 0.252439, 0.15281, 
0.221188, 0.374371, 0.251075, 0.153366, 
0.222287, 0.376391, 0.251835, 0.149487, 
0.220863, 0.377981, 0.254407, 0.146749, 
0.221636, 0.37631, 0.247574, 0.154481, 
0.224049, 0.374977, 0.245557, 0.155418, 
0.228516, 0.384454, 0.255273, 0.131757, 
0.225243, 0.385406, 0.256552, 0.132799, 
0.226307, 0.372802, 0.242612, 0.15828, 
0.230931, 0.381386, 0.251628, 0.136055, 
0.236864, 0.392612, 0.264982, 0.105541, 
0.2345, 0.397262, 0.269894, 0.0983445, 
0.230047, 0.397656, 0.270045, 0.102252, 
0.228019, 0.3686, 0.237417, 0.165964, 
0.232619, 0.375842, 0.245268, 0.146271, 
0.228877, 0.361636, 0.229304, 0.180183, 
0.232869, 0.366235, 0.234371, 0.166525, 
0.237784, 0.384081, 0.25543, 0.122706, 
0.227398, 0.303206, 0.169495, 0.299901, 
0.22997, 0.318857, 0.162777, 0.288396, 
0.232288, 0.317975, 0.16583, 0.283907, 
0.23051, 0.300258, 0.175165, 0.294067, 
0.234126, 0.318813, 0.167115, 0.279946, 
0.232827, 0.299506, 0.177048, 0.290619, 
0.234351, 0.320201, 0.165109, 0.280338, 
0.234081, 0.300928, 0.176617, 0.288374, 
0.233438, 0.321952, 0.161887, 0.282723, 
0.233735, 0.303335, 0.173752, 0.289177, 
0.223839, 0.287831, 0.17459, 0.313739, 
0.226552, 0.281919, 0.180722, 0.310807, 
0.229572, 0.279856, 0.184323, 0.306249, 
0.232092, 0.306756, 0.168921, 0.292231, 
0.230822, 0.289207, 0.177448, 0.302523, 
0.232344, 0.285048, 0.182224, 0.300384, 
0.229175, 0.31002, 0.162969, 0.297836, 
0.228278, 0.293511, 0.171625, 0.306587, 
0.226721, 0.272263, 0.181905, 0.319111, 
0.22792, 0.267292, 0.186513, 0.318275, 
0.220154, 0.258477, 0.181919, 0.33945, 
0.221404, 0.252746, 0.186676, 0.339174, 
0.227266, 0.262853, 0.189197, 0.320684, 
0.221408, 0.247702, 0.189977, 0.340913, 
0.231612, 0.281263, 0.18472, 0.302405, 
0.225135, 0.334526, 0.196245, 0.244094, 
0.219027, 0.315014, 0.167911, 0.298047, 
0.231207, 0.32399, 0.15711, 0.287693, 
0.227752, 0.334305, 0.196702, 0.241241, 
0.222461, 0.373209, 0.249118, 0.155212, 
0.223556, 0.374118, 0.248398, 0.153928, 
0.223765, 0.371429, 0.246424, 0.158383, 
0.224951, 0.369942, 0.242695, 0.162412, 
0.223889, 0.368153, 0.242216, 0.165742, 
0.22505, 0.36564, 0.2383, 0.171009, 
0.225821, 0.358209, 0.226097, 0.189872, 
0.225252, 0.349053, 0.215404, 0.21029, 
0.228, 0.349906, 0.215849, 0.206245, 
0.224712, 0.357548, 0.226082, 0.191658, 
0.224224, 0.3518, 0.21956, 0.204416, 
0.220859, 0.337293, 0.201162, 0.240685, 
0.222103, 0.334545, 0.196135, 0.247217, 
0.224913, 0.362518, 0.232679, 0.179891, 
0.224995, 0.35908, 0.229323, 0.186603, 
0.224075, 0.352188, 0.221689, 0.202048, 
0.222935, 0.296658, 0.164112, 0.316296, 
0.222441, 0.296869, 0.164561, 0.316129, 
0.22363, 0.311332, 0.157055, 0.307983, 
0.221942, 0.310201, 0.155378, 0.312479, 
0.225193, 0.295943, 0.166788, 0.312076, 
0.225838, 0.311702, 0.158055, 0.304406, 
0.216368, 0.315855, 0.179229, 0.288547, 
0.213614, 0.313764, 0.171097, 0.301525, 
0.220275, 0.333121, 0.199822, 0.246782, 
0.218297, 0.331309, 0.195734, 0.25466, 
0.219331, 0.333095, 0.196159, 0.251416, 
0.22288, 0.345656, 0.214306, 0.217158, 
0.222669, 0.347095, 0.216842, 0.213394, 
0.221186, 0.345277, 0.21557, 0.217968, 
0.216348, 0.316324, 0.179023, 0.288305, 
0.214165, 0.315835, 0.169263, 0.300737, 
0.216279, 0.315703, 0.168575, 0.299443, 
0.231458, 0.352144, 0.218532, 0.197865, 
0.225055, 0.363814, 0.23303, 0.178101, 
0.224093, 0.368724, 0.239554, 0.167629, 
0.222656, 0.372121, 0.244093, 0.16113, 
0.221349, 0.374823, 0.247931, 0.155897, 
0.377096, 0.341488, 0.281416, 0.0, 
0.215832, 0.382381, 0.254311, 0.147476, 
0.220878, 0.384467, 0.255941, 0.138714, 
0.20811, 0.400859, 0.280527, 0.110504, 
0.214738, 0.376242, 0.248751, 0.160269, 
0.218552, 0.376644, 0.248401, 0.156402, 
0.367027, 0.331773, 0.3012, 0.0, 
0.205103, 0.378273, 0.251223, 0.165401, 
0.210509, 0.38006, 0.252568, 0.156863, 
0.212753, 0.390292, 0.26362, 0.133334, 
0.210108, 0.375245, 0.248703, 0.165944, 
0.219449, 0.376338, 0.250308, 0.153905, 
0.216549, 0.376918, 0.251655, 0.154877, 
0.212381, 0.376342, 0.252215, 0.159061, 
0.40713, 0.299317, 0.0560002, 0.237553, 
0.405019, 0.294412, 0.0535652, 0.247003, 
0.414874, 0.307255, 0.0558751, 0.221996, 
0.41842, 0.315953, 0.0597629, 0.205863, 
0.31056, 0.160238, 0.0926363, 0.436565, 
0.150105, 0.340462, 0.196414, 0.313019, 
0.163325, 0.357224, 0.226395, 0.253056, 
0.147438, 0.34151, 0.197574, 0.313479, 
0.368973, 0.238737, 0.0562441, 0.336047, 
0.143972, 0.319936, 0.159254, 0.376838, 
0.149742, 0.328849, 0.17718, 0.344229, 
0.16456, 0.347724, 0.210805, 0.276912, 
0.154968, 0.350207, 0.207629, 0.287195, 
0.148786, 0.344031, 0.199839, 0.307345, 
0.313458, 0.165628, 0.0979212, 0.422993, 
0.323115, 0.16642, 0.0926771, 0.417788, 
0.324963, 0.0655428, 0.173167, 0.436327, 
0.331911, 0.0615501, 0.19913, 0.407409, 
0.355978, 0.104047, 0.226808, 0.313168, 
0.347572, 0.0988141, 0.213053, 0.340562, 
0.34215, 0.0678037, 0.218143, 0.371903, 
0.360257, 0.089689, 0.252174, 0.29788, 
0.186948, 0.369288, 0.242679, 0.201084, 
0.138775, 0.353174, 0.235227, 0.272825, 
0.178946, 0.371056, 0.247506, 0.202492, 
0.379169, 0.189554, 0.225831, 0.205445, 
0.311846, 0.0457407, 0.157523, 0.48489, 
0.320279, 0.0705397, 0.150964, 0.458217, 
0.342291, 0.101909, 0.195126, 0.360675, 
0.336343, 0.0938405, 0.188249, 0.381568, 
0.363037, 0.130122, 0.232897, 0.273944, 
0.177236, 0.383145, 0.277334, 0.162285, 
0.385775, 0.189374, 0.233697, 0.191154, 
0.308516, 0.359365, 0.161873, 0.170246, 
0.334442, 0.43008, 0.0945984, 0.140879, 
0.349171, 0.23442, 0.062999, 0.35341, 
0.329286, 0.0852637, 0.175664, 0.409786, 
0.156299, 0.25679, 0.125484, 0.461427, 
0.157013, 0.265839, 0.120874, 0.456274, 
0.143974, 0.271683, 0.10743, 0.476913, 
0.143173, 0.277494, 0.102474, 0.47686, 
0.160519, 0.247733, 0.133809, 0.457939, 
0.153985, 0.257018, 0.123534, 0.465463, 
0.138722, 0.277681, 0.0995618, 0.484036, 
0.150196, 0.264921, 0.115766, 0.469117, 
0.128489, 0.291137, 0.0818685, 0.498506, 
0.321784, 0.163962, 0.0633889, 0.450865, 
0.129921, 0.291032, 0.08331, 0.495736, 
0.325383, 0.172244, 0.0627292, 0.439644, 
0.33106, 0.185, 0.0622834, 0.421657, 
0.34617, 0.217893, 0.0617023, 0.374235, 
0.337782, 0.199834, 0.0619003, 0.400484, 
0.0654141, 0.319241, 0.119993, 0.495352, 
0.152126, 0.333537, 0.169469, 0.344867, 
0.361462, 0.258283, 0.0727734, 0.307481, 
0.134797, 0.303208, 0.0781149, 0.48388, 
0.349405, 0.0744029, 0.226098, 0.350095, 
0.364876, 0.104441, 0.239157, 0.291526, 
0.337538, 0.291504, 0.370959, 0.0, 
0.360387, 0.0871342, 0.247453, 0.305025, 
0.375407, 0.125725, 0.246676, 0.252193, 
0.380256, 0.137098, 0.245977, 0.236669, 
0.159347, 0.330262, 0.1658, 0.344591, 
0.328543, 0.254184, 0.417273, 0.0, 
0.162783, 0.345041, 0.1887, 0.303476, 
0.0595861, 0.336333, 0.155345, 0.448736, 
0.35649, 0.0847697, 0.257375, 0.301365, 
0.332969, 0.279309, 0.387722, 0.0, 
0.37043, 0.124002, 0.236616, 0.268952, 
0.14605, 0.318381, 0.151478, 0.384091, 
0.148496, 0.333747, 0.177765, 0.339993, 
0.158262, 0.342806, 0.190061, 0.308871, 
0.153833, 0.325869, 0.161571, 0.358728, 
0.196445, 0.337758, 0.205338, 0.26046, 
0.19736, 0.33666, 0.202459, 0.263522, 
0.198239, 0.344112, 0.215248, 0.242402, 
0.186376, 0.330667, 0.193489, 0.289468, 
0.184992, 0.322389, 0.181177, 0.311442, 
0.187846, 0.324725, 0.181375, 0.306055, 
0.164443, 0.310036, 0.14609, 0.37943, 
0.160692, 0.306222, 0.142245, 0.390841, 
0.148551, 0.307426, 0.138425, 0.405597, 
0.151218, 0.308689, 0.137974, 0.40212, 
0.161046, 0.311153, 0.152733, 0.375068, 
0.149933, 0.3121, 0.148781, 0.389186, 
0.142168, 0.315575, 0.149661, 0.392597, 
0.199732, 0.350006, 0.224134, 0.226128, 
0.200236, 0.355193, 0.230529, 0.214043, 
0.192426, 0.348006, 0.219592, 0.239976, 
0.18939, 0.339789, 0.207255, 0.263565, 
0.201072, 0.360781, 0.237044, 0.201103, 
0.195008, 0.355514, 0.230008, 0.219469, 
0.190794, 0.354208, 0.227319, 0.227678, 
0.184891, 0.343481, 0.210559, 0.261068, 
0.185787, 0.354021, 0.22488, 0.235312, 
0.176491, 0.340909, 0.203641, 0.278959, 
0.179035, 0.3313, 0.191532, 0.298133, 
0.173609, 0.317764, 0.170049, 0.338578, 
0.167141, 0.324954, 0.177024, 0.330881, 
0.173539, 0.309756, 0.157657, 0.359048, 
0.177407, 0.315409, 0.161494, 0.345691, 
0.2178, 0.362484, 0.23717, 0.182547, 
