0.801, 0.003, 0.028, 0.012, 0.015, 0.017, 0.124, 0.0, 
0.041, 0.466, 0.007, 0.103, 0.092, 0.244, 0.044, 0.003, 
0.013, 0.549, 0.099, 0.062, 0.016, 0.048, 0.058, 0.155, 
0.086, 0.666, 0.017, 0.058, 0.06, 0.089, 0.005, 0.019, 
0.714, 0.032, 0.097, 0.074, 0.025, 0.058, 0.0, 0.0, 
0.152, 0.007, 0.721, 0.007, 0.022, 0.022, 0.015, 0.054, 
0.345, 0.5, 0.035, 0.04, 0.012, 0.065, 0.003, 0.0, 
0.013, 0.037, 0.135, 0.179, 0.052, 0.253, 0.329, 0.002, 
0.01, 0.129, 0.104, 0.069, 0.646, 0.007, 0.003, 0.032, 
0.015, 0.133, 0.047, 0.805, 0.0, 0.0, 0.0, 0.0, 
0.056, 0.012, 0.07, 0.038, 0.014, 0.722, 0.04, 0.048, 
0.118, 0.137, 0.118, 0.486, 0.093, 0.016, 0.032, 0.0, 
0.082, 0.007, 0.01, 0.805, 0.096, 0.0, 0.0, 0.0, 
0.68, 0.016, 0.019, 0.045, 0.017, 0.013, 0.072, 0.138, 
0.035, 0.02, 0.016, 0.011, 0.11, 0.808, 0.0, 0.0, 
0.056, 0.117, 0.055, 0.038, 0.026, 0.018, 0.149, 0.541, 
0.087, 0.037, 0.108, 0.252, 0.033, 0.068, 0.344, 0.071, 
0.082, 0.021, 0.367, 0.328, 0.129, 0.027, 0.007, 0.039, 
0.245, 0.038, 0.216, 0.071, 0.087, 0.013, 0.306, 0.024, 
0.323, 0.014, 0.006, 0.043, 0.043, 0.498, 0.02, 0.053, 
0.361, 0.143, 0.206, 0.016, 0.02, 0.06, 0.167, 0.027, 
0.026, 0.044, 0.142, 0.158, 0.048, 0.45, 0.098, 0.034, 
0.162, 0.038, 0.06, 0.054, 0.081, 0.481, 0.087, 0.037, 
0.029, 0.063, 0.438, 0.212, 0.072, 0.068, 0.085, 0.033, 
0.094, 0.211, 0.142, 0.134, 0.059, 0.148, 0.15, 0.062, 
0.212, 0.015, 0.081, 0.019, 0.299, 0.044, 0.255, 0.075, 
0.139, 0.093, 0.035, 0.029, 0.216, 0.023, 0.058, 0.407, 
0.299, 0.046, 0.063, 0.307, 0.016, 0.167, 0.09, 0.012, 
0.256, 0.026, 0.034, 0.241, 0.01, 0.098, 0.219, 0.116, 
0.486, 0.054, 0.016, 0.109, 0.025, 0.06, 0.246, 0.004, 
0.292, 0.009, 0.027, 0.009, 0.597, 0.022, 0.011, 0.033, 
0.487, 0.09, 0.159, 0.013, 0.16, 0.034, 0.02, 0.037, 
0.079, 0.095, 0.325, 0.115, 0.145, 0.068, 0.173, 0.0, 
0.443, 0.098, 0.015, 0.154, 0.024, 0.069, 0.192, 0.005, 
0.032, 0.058, 0.08, 0.047, 0.053, 0.375, 0.335, 0.02, 
0.066, 0.009, 0.021, 0.009, 0.811, 0.006, 0.078, 0.0, 
0.15, 0.046, 0.01, 0.025, 0.224, 0.019, 0.11, 0.416, 
0.198, 0.252, 0.054, 0.079, 0.241, 0.176, 0.0, 0.0, 
0.265, 0.081, 0.239, 0.015, 0.36, 0.031, 0.009, 0.0, 
0.305, 0.072, 0.061, 0.232, 0.204, 0.093, 0.005, 0.028, 
0.272, 0.028, 0.036, 0.04, 0.022, 0.322, 0.226, 0.054, 
0.26, 0.182, 0.061, 0.032, 0.098, 0.211, 0.023, 0.133, 
0.062, 0.033, 0.164, 0.125, 0.065, 0.444, 0.07, 0.037, 
0.402, 0.022, 0.028, 0.039, 0.024, 0.425, 0.049, 0.011, 
0.007, 0.277, 0.029, 0.03, 0.335, 0.01, 0.093, 0.219, 
0.432, 0.088, 0.028, 0.119, 0.029, 0.026, 0.193, 0.085, 
0.321, 0.043, 0.072, 0.013, 0.115, 0.033, 0.141, 0.262, 
0.585, 0.011, 0.138, 0.02, 0.085, 0.01, 0.127, 0.024, 
0.627, 0.006, 0.071, 0.062, 0.067, 0.053, 0.053, 0.061, 
0.413, 0.074, 0.266, 0.007, 0.029, 0.113, 0.098, 0.0, 
0.252, 0.009, 0.071, 0.021, 0.015, 0.433, 0.07, 0.129, 
0.283, 0.113, 0.137, 0.083, 0.082, 0.019, 0.183, 0.1, 
0.358, 0.059, 0.114, 0.032, 0.047, 0.023, 0.186, 0.181, 
0.416, 0.039, 0.016, 0.136, 0.182, 0.116, 0.004, 0.091, 
0.178, 0.079, 0.025, 0.244, 0.252, 0.072, 0.124, 0.026, 
0.608, 0.207, 0.045, 0.005, 0.014, 0.046, 0.046, 0.029, 
0.369, 0.018, 0.17, 0.065, 0.08, 0.264, 0.025, 0.009, 
0.4, 0.018, 0.163, 0.082, 0.023, 0.003, 0.311, 0.0, 
0.433, 0.07, 0.243, 0.03, 0.018, 0.14, 0.013, 0.053, 
0.175, 0.177, 0.003, 0.029, 0.033, 0.138, 0.126, 0.319, 
0.376, 0.017, 0.026, 0.187, 0.053, 0.095, 0.145, 0.101, 
0.701, 0.087, 0.011, 0.025, 0.022, 0.112, 0.029, 0.013, 
0.653, 0.025, 0.036, 0.013, 0.038, 0.012, 0.183, 0.04, 
0.152, 0.051, 0.019, 0.073, 0.036, 0.021, 0.593, 0.055, 
0.767, 0.023, 0.011, 0.037, 0.034, 0.062, 0.035, 0.031, 
0.6, 0.074, 0.037, 0.011, 0.02, 0.115, 0.049, 0.094, 
0.637, 0.03, 0.085, 0.035, 0.016, 0.009, 0.02, 0.168, 
0.412, 0.004, 0.124, 0.04, 0.079, 0.006, 0.239, 0.096, 
0.217, 0.063, 0.083, 0.22, 0.063, 0.286, 0.068, 0.0, 
0.536, 0.022, 0.006, 0.113, 0.008, 0.074, 0.004, 0.237, 
0.896, 0.041, 0.003, 0.004, 0.043, 0.013, 0.0, 0.0, 
0.164, 0.04, 0.038, 0.167, 0.021, 0.036, 0.017, 0.517, 
0.045, 0.252, 0.011, 0.015, 0.452, 0.065, 0.148, 0.012, 
0.257, 0.009, 0.152, 0.009, 0.091, 0.003, 0.469, 0.01, 
0.261, 0.017, 0.125, 0.013, 0.03, 0.526, 0.005, 0.023, 
0.647, 0.011, 0.044, 0.007, 0.011, 0.105, 0.172, 0.003, 
0.111, 0.078, 0.019, 0.036, 0.251, 0.395, 0.052, 0.058, 
0.129, 0.039, 0.028, 0.143, 0.03, 0.586, 0.025, 0.02, 
0.485, 0.04, 0.056, 0.012, 0.061, 0.172, 0.014, 0.16, 
0.34, 0.037, 0.214, 0.012, 0.002, 0.088, 0.225, 0.082, 
0.389, 0.052, 0.048, 0.035, 0.043, 0.105, 0.295, 0.033, 
0.269, 0.024, 0.054, 0.013, 0.145, 0.166, 0.004, 0.325, 
0.261, 0.075, 0.036, 0.004, 0.022, 0.37, 0.033, 0.199, 
0.191, 0.041, 0.018, 0.014, 0.017, 0.102, 0.354, 0.263, 
0.378, 0.022, 0.134, 0.036, 0.039, 0.111, 0.21, 0.07, 
0.466, 0.067, 0.004, 0.012, 0.04, 0.235, 0.176, 0.0, 
0.066, 0.099, 0.031, 0.017, 0.652, 0.06, 0.011, 0.064, 
0.034, 0.217, 0.036, 0.322, 0.052, 0.248, 0.091, 0.0, 
0.173, 0.24, 0.135, 0.051, 0.122, 0.076, 0.081, 0.122, 
0.042, 0.179, 0.014, 0.003, 0.213, 0.239, 0.09, 0.22, 
0.021, 0.488, 0.061, 0.048, 0.01, 0.043, 0.24, 0.089, 
0.233, 0.03, 0.04, 0.037, 0.013, 0.188, 0.414, 0.045, 
0.525, 0.039, 0.04, 0.096, 0.018, 0.206, 0.032, 0.044, 
0.109, 0.158, 0.038, 0.125, 0.261, 0.09, 0.219, 0.0, 
0.165, 0.181, 0.012, 0.162, 0.014, 0.394, 0.072, 0.0, 
0.453, 0.053, 0.027, 0.098, 0.006, 0.119, 0.163, 0.081, 
0.047, 0.122, 0.213, 0.274, 0.072, 0.088, 0.074, 0.11, 
0.527, 0.046, 0.081, 0.006, 0.15, 0.111, 0.067, 0.012, 
0.197, 0.036, 0.198, 0.044, 0.149, 0.311, 0.034, 0.031, 
0.49, 0.034, 0.134, 0.069, 0.005, 0.256, 0.006, 0.006, 
0.756, 0.007, 0.082, 0.013, 0.012, 0.079, 0.026, 0.025, 
0.099, 0.04, 0.044, 0.179, 0.022, 0.067, 0.446, 0.103, 
0.727, 0.022, 0.02, 0.062, 0.01, 0.159, 0.0, 0.0, 
0.633, 0.055, 0.085, 0.024, 0.072, 0.015, 0.107, 0.009, 
0.205, 0.016, 0.013, 0.074, 0.109, 0.434, 0.149, 0.0, 
0.069, 0.118, 0.03, 0.072, 0.05, 0.126, 0.2, 0.335, 
0.744, 0.053, 0.035, 0.006, 0.021, 0.015, 0.068, 0.058, 
0.296, 0.005, 0.1, 0.039, 0.384, 0.153, 0.023, 0.0, 
0.461, 0.046, 0.02, 0.095, 0.021, 0.057, 0.237, 0.063, 
0.268, 0.034, 0.019, 0.317, 0.06, 0.251, 0.013, 0.038, 
0.154, 0.333, 0.078, 0.386, 0.028, 0.021, 0.0, 0.0, 
0.057, 0.03, 0.341, 0.061, 0.14, 0.01, 0.343, 0.018, 
0.373, 0.029, 0.138, 0.117, 0.079, 0.081, 0.046, 0.137, 
0.142, 0.079, 0.06, 0.052, 0.029, 0.016, 0.329, 0.293, 
0.071, 0.034, 0.251, 0.066, 0.144, 0.231, 0.124, 0.079, 
0.591, 0.012, 0.053, 0.011, 0.058, 0.21, 0.029, 0.036, 
0.301, 0.013, 0.224, 0.123, 0.086, 0.112, 0.052, 0.089, 
0.29, 0.085, 0.332, 0.04, 0.035, 0.213, 0.005, 0.0, 
0.194, 0.038, 0.311, 0.279, 0.135, 0.01, 0.033, 0.0, 
0.013, 0.052, 0.17, 0.01, 0.04, 0.683, 0.032, 0.0, 
0.773, 0.063, 0.015, 0.02, 0.078, 0.048, 0.003, 0.0, 
0.316, 0.045, 0.115, 0.357, 0.113, 0.03, 0.024, 0.0, 
0.05, 0.346, 0.047, 0.268, 0.099, 0.047, 0.05, 0.093, 
0.305, 0.037, 0.098, 0.214, 0.065, 0.281, 0.0, 0.0, 
0.347, 0.015, 0.172, 0.039, 0.196, 0.058, 0.087, 0.086, 
0.387, 0.015, 0.035, 0.12, 0.023, 0.045, 0.043, 0.332, 
0.048, 0.157, 0.053, 0.102, 0.406, 0.067, 0.167, 0.0, 
0.142, 0.049, 0.138, 0.18, 0.147, 0.139, 0.205, 0.0, 
0.645, 0.023, 0.012, 0.064, 0.066, 0.023, 0.152, 0.015, 
0.105, 0.142, 0.152, 0.071, 0.118, 0.086, 0.059, 0.267, 
0.615, 0.039, 0.029, 0.007, 0.121, 0.029, 0.019, 0.141, 
0.381, 0.025, 0.08, 0.038, 0.137, 0.072, 0.249, 0.018, 
0.046, 0.306, 0.31, 0.075, 0.011, 0.19, 0.062, 0.0, 
0.591, 0.052, 0.108, 0.011, 0.03, 0.132, 0.027, 0.049, 
0.044, 0.225, 0.011, 0.285, 0.029, 0.225, 0.06, 0.121, 
0.068, 0.033, 0.072, 0.055, 0.666, 0.055, 0.023, 0.028, 
0.285, 0.012, 0.144, 0.079, 0.139, 0.296, 0.045, 0.0, 
0.788, 0.056, 0.016, 0.005, 0.065, 0.037, 0.033, 0.0, 
0.315, 0.084, 0.008, 0.414, 0.088, 0.091, 0.0, 0.0, 
0.279, 0.117, 0.218, 0.369, 0.008, 0.009, 0.0, 0.0, 
0.716, 0.039, 0.035, 0.007, 0.024, 0.124, 0.019, 0.036, 
0.115, 0.073, 0.131, 0.095, 0.135, 0.173, 0.105, 0.173, 
0.232, 0.016, 0.22, 0.088, 0.007, 0.1, 0.258, 0.079, 
0.7, 0.008, 0.017, 0.135, 0.004, 0.107, 0.017, 0.012, 
0.774, 0.01, 0.007, 0.005, 0.055, 0.016, 0.034, 0.099, 
0.051, 0.206, 0.021, 0.103, 0.411, 0.149, 0.038, 0.021, 
0.256, 0.031, 0.028, 0.017, 0.057, 0.008, 0.452, 0.151, 
0.565, 0.014, 0.012, 0.017, 0.051, 0.032, 0.043, 0.266, 
0.22, 0.112, 0.045, 0.013, 0.063, 0.429, 0.02, 0.098, 
0.164, 0.137, 0.013, 0.315, 0.019, 0.048, 0.291, 0.013, 
0.208, 0.038, 0.047, 0.209, 0.11, 0.061, 0.072, 0.255, 
0.167, 0.13, 0.037, 0.033, 0.051, 0.048, 0.026, 0.508, 
0.362, 0.036, 0.01, 0.186, 0.027, 0.262, 0.073, 0.044, 
0.518, 0.011, 0.022, 0.265, 0.025, 0.159, 0.0, 0.0, 
0.543, 0.077, 0.042, 0.043, 0.01, 0.033, 0.241, 0.011, 
0.298, 0.074, 0.062, 0.104, 0.211, 0.051, 0.2, 0.0, 
0.131, 0.009, 0.012, 0.024, 0.166, 0.485, 0.113, 0.06, 
0.259, 0.008, 0.275, 0.024, 0.098, 0.096, 0.24, 0.0, 
0.009, 0.037, 0.206, 0.004, 0.594, 0.041, 0.089, 0.02, 
0.603, 0.014, 0.177, 0.013, 0.164, 0.012, 0.017, 0.0, 
0.105, 0.036, 0.107, 0.05, 0.156, 0.207, 0.134, 0.205, 
0.656, 0.021, 0.084, 0.005, 0.01, 0.13, 0.091, 0.003, 
0.404, 0.024, 0.216, 0.049, 0.024, 0.048, 0.235, 0.0, 
0.517, 0.096, 0.01, 0.139, 0.029, 0.078, 0.125, 0.006, 
0.234, 0.068, 0.373, 0.011, 0.13, 0.134, 0.05, 0.0, 
0.035, 0.041, 0.568, 0.067, 0.061, 0.168, 0.025, 0.035, 
0.453, 0.144, 0.02, 0.08, 0.151, 0.036, 0.116, 0.0, 
0.073, 0.175, 0.031, 0.07, 0.031, 0.233, 0.081, 0.306, 
0.693, 0.009, 0.03, 0.03, 0.028, 0.143, 0.06, 0.007, 
0.649, 0.03, 0.028, 0.053, 0.01, 0.135, 0.079, 0.016, 
0.868, 0.007, 0.021, 0.028, 0.014, 0.062, 0.0, 0.0, 
0.373, 0.02, 0.056, 0.004, 0.03, 0.059, 0.373, 0.085, 
0.082, 0.133, 0.038, 0.059, 0.101, 0.422, 0.153, 0.012, 
0.419, 0.009, 0.131, 0.112, 0.028, 0.12, 0.097, 0.084, 
0.113, 0.23, 0.024, 0.044, 0.169, 0.044, 0.04, 0.336, 
0.732, 0.034, 0.016, 0.055, 0.014, 0.149, 0.0, 0.0, 
0.46, 0.06, 0.028, 0.017, 0.106, 0.301, 0.028, 0.0, 
0.01, 0.361, 0.202, 0.084, 0.227, 0.017, 0.055, 0.044, 
0.234, 0.039, 0.048, 0.043, 0.054, 0.112, 0.441, 0.029, 
0.181, 0.025, 0.02, 0.041, 0.138, 0.063, 0.417, 0.115, 
0.202, 0.246, 0.019, 0.023, 0.076, 0.036, 0.313, 0.085, 
0.193, 0.046, 0.096, 0.051, 0.047, 0.043, 0.145, 0.379, 
0.766, 0.039, 0.005, 0.003, 0.109, 0.01, 0.051, 0.017, 
0.198, 0.058, 0.051, 0.18, 0.063, 0.211, 0.101, 0.138, 
0.138, 0.016, 0.027, 0.125, 0.384, 0.284, 0.026, 0.0, 
0.506, 0.098, 0.01, 0.138, 0.033, 0.094, 0.114, 0.007, 
0.047, 0.077, 0.14, 0.046, 0.056, 0.034, 0.524, 0.076, 
0.037, 0.016, 0.03, 0.808, 0.043, 0.004, 0.062, 0.0, 
0.021, 0.22, 0.142, 0.1, 0.052, 0.38, 0.052, 0.033, 
0.036, 0.218, 0.242, 0.005, 0.037, 0.422, 0.029, 0.011, 
0.261, 0.03, 0.03, 0.056, 0.119, 0.075, 0.035, 0.394, 
0.184, 0.056, 0.331, 0.015, 0.039, 0.318, 0.054, 0.003, 
0.092, 0.192, 0.032, 0.137, 0.03, 0.013, 0.43, 0.074, 
0.147, 0.091, 0.131, 0.328, 0.064, 0.133, 0.044, 0.062, 
0.754, 0.031, 0.043, 0.025, 0.014, 0.035, 0.087, 0.011, 
0.272, 0.066, 0.264, 0.043, 0.105, 0.213, 0.017, 0.02, 
0.02, 0.241, 0.148, 0.037, 0.437, 0.103, 0.014, 0.0, 
0.775, 0.015, 0.025, 0.017, 0.106, 0.011, 0.046, 0.005, 
0.024, 0.186, 0.164, 0.072, 0.188, 0.29, 0.06, 0.016, 
0.408, 0.019, 0.005, 0.031, 0.131, 0.154, 0.233, 0.019, 
0.156, 0.079, 0.509, 0.018, 0.063, 0.027, 0.137, 0.011, 
0.025, 0.043, 0.109, 0.053, 0.674, 0.026, 0.07, 0.0, 
0.506, 0.025, 0.011, 0.016, 0.011, 0.042, 0.293, 0.096, 
0.625, 0.01, 0.018, 0.011, 0.029, 0.021, 0.178, 0.108, 
0.01, 0.359, 0.094, 0.041, 0.321, 0.05, 0.11, 0.015, 
0.256, 0.16, 0.077, 0.053, 0.338, 0.092, 0.024, 0.0, 
0.054, 0.151, 0.019, 0.076, 0.407, 0.035, 0.012, 0.246, 
0.907, 0.009, 0.007, 0.005, 0.014, 0.047, 0.011, 0.0, 
0.151, 0.017, 0.012, 0.008, 0.042, 0.724, 0.017, 0.029, 
0.155, 0.05, 0.04, 0.255, 0.01, 0.02, 0.366, 0.104, 
0.403, 0.106, 0.095, 0.027, 0.091, 0.223, 0.04, 0.015, 
0.112, 0.258, 0.207, 0.19, 0.233, 0.0, 0.0, 0.0, 
0.427, 0.242, 0.036, 0.032, 0.034, 0.099, 0.078, 0.052, 
0.008, 0.378, 0.067, 0.012, 0.339, 0.079, 0.058, 0.059, 
0.171, 0.072, 0.014, 0.156, 0.3, 0.254, 0.033, 0.0, 
0.139, 0.288, 0.021, 0.238, 0.032, 0.036, 0.044, 0.202, 
0.723, 0.077, 0.009, 0.047, 0.004, 0.067, 0.055, 0.018, 
0.501, 0.014, 0.036, 0.045, 0.014, 0.048, 0.103, 0.239, 
0.075, 0.009, 0.173, 0.197, 0.32, 0.172, 0.054, 0.0, 
0.033, 0.017, 0.112, 0.727, 0.071, 0.025, 0.015, 0.0, 
0.131, 0.028, 0.024, 0.111, 0.066, 0.557, 0.083, 0.0, 
0.596, 0.013, 0.025, 0.005, 0.31, 0.027, 0.006, 0.018, 
0.868, 0.015, 0.007, 0.031, 0.001, 0.011, 0.067, 0.0, 
0.751, 0.026, 0.021, 0.023, 0.01, 0.02, 0.117, 0.032, 
0.438, 0.019, 0.045, 0.031, 0.085, 0.1, 0.244, 0.038, 
0.356, 0.029, 0.039, 0.17, 0.084, 0.2, 0.07, 0.052, 
0.745, 0.005, 0.039, 0.019, 0.007, 0.009, 0.148, 0.028, 
0.096, 0.065, 0.139, 0.265, 0.147, 0.04, 0.199, 0.049, 
0.819, 0.027, 0.012, 0.005, 0.069, 0.02, 0.048, 0.0, 
0.038, 0.035, 0.016, 0.293, 0.038, 0.119, 0.345, 0.116, 
0.413, 0.016, 0.076, 0.108, 0.054, 0.096, 0.075, 0.162, 
0.589, 0.103, 0.053, 0.057, 0.008, 0.026, 0.164, 0.0, 
0.412, 0.082, 0.031, 0.159, 0.2, 0.012, 0.088, 0.016, 
0.846, 0.01, 0.018, 0.005, 0.037, 0.055, 0.014, 0.015, 
0.352, 0.032, 0.076, 0.007, 0.195, 0.015, 0.193, 0.13, 
0.41, 0.066, 0.139, 0.057, 0.021, 0.07, 0.112, 0.125, 
0.195, 0.068, 0.037, 0.129, 0.224, 0.19, 0.037, 0.12, 
0.264, 0.04, 0.096, 0.102, 0.138, 0.139, 0.024, 0.197, 
0.205, 0.029, 0.471, 0.158, 0.011, 0.021, 0.046, 0.059, 
0.192, 0.133, 0.154, 0.18, 0.192, 0.079, 0.053, 0.017, 
0.036, 0.037, 0.19, 0.02, 0.099, 0.031, 0.555, 0.032, 
0.178, 0.091, 0.051, 0.039, 0.2, 0.241, 0.062, 0.138, 
0.018, 0.002, 0.071, 0.048, 0.183, 0.565, 0.1, 0.013, 
0.342, 0.062, 0.035, 0.198, 0.013, 0.026, 0.013, 0.311, 
0.108, 0.029, 0.13, 0.011, 0.067, 0.015, 0.603, 0.037, 
0.071, 0.187, 0.017, 0.109, 0.214, 0.378, 0.02, 0.004, 
0.343, 0.13, 0.118, 0.373, 0.036, 0.0, 0.0, 0.0, 
0.181, 0.073, 0.08, 0.4, 0.056, 0.071, 0.114, 0.025, 
0.133, 0.034, 0.04, 0.678, 0.079, 0.008, 0.005, 0.023, 
0.11, 0.212, 0.081, 0.057, 0.114, 0.119, 0.099, 0.208, 
0.615, 0.016, 0.016, 0.054, 0.016, 0.016, 0.257, 0.01, 
0.569, 0.011, 0.053, 0.014, 0.109, 0.065, 0.179, 0.0, 
0.239, 0.022, 0.106, 0.569, 0.01, 0.037, 0.017, 0.0, 
0.354, 0.053, 0.099, 0.13, 0.029, 0.06, 0.187, 0.088, 
0.909, 0.017, 0.022, 0.038, 0.014, 0.0, 0.0, 0.0, 
0.525, 0.048, 0.036, 0.084, 0.075, 0.096, 0.042, 0.094, 
0.692, 0.019, 0.013, 0.014, 0.262, 0.0, 0.0, 0.0, 
0.395, 0.037, 0.116, 0.07, 0.286, 0.046, 0.05, 0.0, 
0.631, 0.011, 0.016, 0.025, 0.306, 0.011, 0.0, 0.0, 
0.832, 0.011, 0.008, 0.005, 0.055, 0.061, 0.028, 0.0, 
0.077, 0.142, 0.048, 0.108, 0.043, 0.281, 0.259, 0.042, 
0.846, 0.013, 0.006, 0.021, 0.05, 0.037, 0.012, 0.015, 
0.293, 0.257, 0.046, 0.048, 0.144, 0.167, 0.045, 0.0, 
0.298, 0.209, 0.093, 0.01, 0.051, 0.155, 0.033, 0.151, 
0.311, 0.04, 0.069, 0.011, 0.158, 0.02, 0.025, 0.366, 
0.277, 0.14, 0.164, 0.262, 0.157, 0.0, 0.0, 0.0, 
0.171, 0.088, 0.34, 0.092, 0.161, 0.084, 0.064, 0.0, 
0.032, 0.011, 0.201, 0.079, 0.035, 0.567, 0.052, 0.023, 
0.019, 0.006, 0.181, 0.016, 0.079, 0.542, 0.122, 0.035, 
0.071, 0.226, 0.003, 0.039, 0.015, 0.416, 0.008, 0.222, 
0.682, 0.011, 0.014, 0.1, 0.106, 0.058, 0.019, 0.01, 
0.881, 0.002, 0.004, 0.004, 0.107, 0.002, 0.0, 0.0, 
0.26, 0.004, 0.349, 0.208, 0.046, 0.061, 0.052, 0.02, 
0.52, 0.086, 0.01, 0.024, 0.116, 0.016, 0.159, 0.069, 
0.779, 0.019, 0.066, 0.108, 0.021, 0.007, 0.0, 0.0, 
0.528, 0.092, 0.025, 0.147, 0.032, 0.025, 0.145, 0.006, 
0.234, 0.294, 0.11, 0.006, 0.069, 0.066, 0.056, 0.165, 
0.49, 0.011, 0.031, 0.008, 0.036, 0.012, 0.155, 0.257, 
0.126, 0.117, 0.111, 0.077, 0.378, 0.044, 0.003, 0.144, 
0.024, 0.249, 0.103, 0.109, 0.441, 0.028, 0.046, 0.0, 
0.361, 0.106, 0.029, 0.055, 0.031, 0.113, 0.271, 0.034, 
0.088, 0.061, 0.053, 0.057, 0.021, 0.59, 0.003, 0.127, 
0.112, 0.058, 0.113, 0.137, 0.027, 0.103, 0.02, 0.43, 
0.104, 0.073, 0.313, 0.042, 0.182, 0.068, 0.218, 0.0, 
0.248, 0.081, 0.123, 0.084, 0.066, 0.161, 0.043, 0.194, 
0.021, 0.019, 0.421, 0.011, 0.036, 0.353, 0.085, 0.054, 
0.607, 0.034, 0.021, 0.127, 0.009, 0.094, 0.076, 0.032, 
0.037, 0.059, 0.058, 0.078, 0.213, 0.233, 0.219, 0.103, 
0.721, 0.029, 0.007, 0.081, 0.113, 0.049, 0.0, 0.0, 
0.975, 0.002, 0.009, 0.014, 0.0, 0.0, 0.0, 0.0, 
0.387, 0.045, 0.039, 0.187, 0.074, 0.149, 0.057, 0.062, 
0.03, 0.102, 0.103, 0.114, 0.083, 0.174, 0.394, 0.0, 
0.168, 0.013, 0.05, 0.094, 0.02, 0.304, 0.172, 0.179, 
0.634, 0.056, 0.104, 0.029, 0.044, 0.084, 0.022, 0.027, 
0.739, 0.014, 0.015, 0.009, 0.006, 0.066, 0.096, 0.055, 
0.078, 0.051, 0.162, 0.046, 0.021, 0.303, 0.011, 0.328, 
0.632, 0.037, 0.029, 0.016, 0.108, 0.105, 0.042, 0.031, 
0.743, 0.02, 0.013, 0.01, 0.012, 0.114, 0.082, 0.006, 
0.125, 0.008, 0.083, 0.337, 0.068, 0.192, 0.16, 0.027, 
0.12, 0.158, 0.306, 0.09, 0.049, 0.058, 0.037, 0.182, 
0.17, 0.031, 0.083, 0.221, 0.078, 0.317, 0.091, 0.009, 
0.272, 0.005, 0.118, 0.037, 0.06, 0.042, 0.214, 0.252, 
0.64, 0.166, 0.01, 0.024, 0.032, 0.006, 0.064, 0.058, 
0.187, 0.012, 0.235, 0.075, 0.066, 0.179, 0.191, 0.055, 
0.289, 0.015, 0.161, 0.009, 0.058, 0.134, 0.262, 0.072, 
0.036, 0.354, 0.048, 0.082, 0.017, 0.352, 0.054, 0.057, 
0.131, 0.093, 0.072, 0.356, 0.102, 0.124, 0.06, 0.062, 
0.165, 0.098, 0.319, 0.039, 0.092, 0.104, 0.077, 0.106, 
0.739, 0.006, 0.047, 0.05, 0.01, 0.062, 0.046, 0.04, 
0.237, 0.015, 0.024, 0.011, 0.61, 0.067, 0.017, 0.019, 
0.753, 0.016, 0.027, 0.012, 0.041, 0.045, 0.079, 0.027, 
0.441, 0.005, 0.004, 0.012, 0.027, 0.011, 0.482, 0.018, 
0.897, 0.008, 0.007, 0.012, 0.02, 0.022, 0.02, 0.014, 
0.345, 0.031, 0.219, 0.052, 0.015, 0.028, 0.31, 0.0, 
0.17, 0.139, 0.138, 0.074, 0.014, 0.255, 0.195, 0.015, 
0.652, 0.018, 0.031, 0.02, 0.012, 0.076, 0.191, 0.0, 
0.827, 0.042, 0.01, 0.007, 0.07, 0.018, 0.026, 0.0, 
0.407, 0.053, 0.028, 0.004, 0.469, 0.003, 0.009, 0.027, 
0.735, 0.006, 0.042, 0.025, 0.052, 0.007, 0.004, 0.129, 
0.601, 0.019, 0.053, 0.002, 0.178, 0.026, 0.121, 0.0, 
0.24, 0.119, 0.02, 0.143, 0.023, 0.092, 0.247, 0.116, 
0.574, 0.026, 0.04, 0.022, 0.061, 0.029, 0.191, 0.057, 
0.134, 0.049, 0.044, 0.388, 0.022, 0.112, 0.251, 0.0, 
0.358, 0.013, 0.083, 0.038, 0.09, 0.121, 0.239, 0.058, 
0.023, 0.058, 0.103, 0.094, 0.253, 0.055, 0.414, 0.0, 
0.558, 0.026, 0.05, 0.287, 0.061, 0.01, 0.003, 0.005, 
0.005, 0.386, 0.297, 0.076, 0.073, 0.06, 0.055, 0.048, 
0.438, 0.019, 0.045, 0.031, 0.085, 0.1, 0.244, 0.038, 
0.328, 0.094, 0.087, 0.345, 0.015, 0.043, 0.04, 0.048, 
0.163, 0.088, 0.117, 0.455, 0.052, 0.041, 0.036, 0.048, 
0.572, 0.011, 0.024, 0.018, 0.008, 0.104, 0.056, 0.207, 
0.311, 0.105, 0.049, 0.107, 0.025, 0.062, 0.262, 0.079, 
0.571, 0.014, 0.119, 0.029, 0.043, 0.179, 0.014, 0.031, 
0.293, 0.038, 0.128, 0.033, 0.053, 0.106, 0.044, 0.305, 
0.932, 0.01, 0.015, 0.043, 0.0, 0.0, 0.0, 0.0, 
0.205, 0.009, 0.246, 0.291, 0.077, 0.004, 0.116, 0.052, 
0.116, 0.029, 0.084, 0.052, 0.096, 0.05, 0.215, 0.358, 
0.03, 0.063, 0.161, 0.103, 0.132, 0.351, 0.075, 0.085, 
0.767, 0.004, 0.014, 0.03, 0.04, 0.007, 0.138, 0.0, 
0.459, 0.083, 0.011, 0.097, 0.136, 0.143, 0.049, 0.022, 
0.044, 0.048, 0.196, 0.169, 0.063, 0.391, 0.038, 0.051, 
0.361, 0.106, 0.029, 0.055, 0.031, 0.113, 0.271, 0.034, 
0.081, 0.022, 0.152, 0.213, 0.043, 0.222, 0.17, 0.097, 
0.257, 0.05, 0.131, 0.024, 0.184, 0.162, 0.032, 0.16, 
0.114, 0.36, 0.091, 0.049, 0.319, 0.034, 0.033, 0.0, 
0.975, 0.002, 0.006, 0.017, 0.0, 0.0, 0.0, 0.0, 
0.176, 0.079, 0.034, 0.066, 0.057, 0.426, 0.034, 0.128, 
0.139, 0.026, 0.055, 0.061, 0.123, 0.166, 0.118, 0.312, 
0.344, 0.147, 0.029, 0.058, 0.03, 0.152, 0.199, 0.041, 
0.155, 0.386, 0.066, 0.023, 0.232, 0.081, 0.041, 0.016, 
0.968, 0.002, 0.01, 0.018, 0.002, 0.0, 0.0, 0.0, 
0.191, 0.038, 0.032, 0.065, 0.075, 0.454, 0.116, 0.029, 
0.405, 0.098, 0.068, 0.003, 0.075, 0.351, 0.0, 0.0, 
0.522, 0.029, 0.041, 0.026, 0.072, 0.075, 0.191, 0.044, 
0.697, 0.057, 0.028, 0.011, 0.015, 0.03, 0.072, 0.09, 
0.223, 0.11, 0.06, 0.073, 0.32, 0.014, 0.057, 0.143, 
0.267, 0.032, 0.053, 0.025, 0.109, 0.267, 0.17, 0.077, 
0.119, 0.027, 0.012, 0.569, 0.084, 0.167, 0.011, 0.011, 
0.211, 0.083, 0.125, 0.008, 0.243, 0.011, 0.201, 0.118, 
0.65, 0.093, 0.019, 0.006, 0.053, 0.015, 0.06, 0.104, 
0.191, 0.051, 0.277, 0.083, 0.248, 0.135, 0.015, 0.0, 
0.71, 0.028, 0.035, 0.022, 0.095, 0.036, 0.06, 0.014, 
0.256, 0.101, 0.096, 0.126, 0.07, 0.035, 0.27, 0.046, 
0.919, 0.005, 0.005, 0.009, 0.002, 0.037, 0.005, 0.018, 
0.504, 0.108, 0.023, 0.071, 0.008, 0.113, 0.139, 0.034, 
0.319, 0.102, 0.3, 0.199, 0.08, 0.0, 0.0, 0.0, 
0.344, 0.147, 0.029, 0.058, 0.03, 0.152, 0.199, 0.041, 
0.395, 0.091, 0.037, 0.16, 0.037, 0.229, 0.051, 0.0, 
0.238, 0.094, 0.301, 0.016, 0.01, 0.066, 0.234, 0.041, 
0.89, 0.006, 0.092, 0.005, 0.007, 0.0, 0.0, 0.0, 
0.913, 0.043, 0.011, 0.007, 0.017, 0.009, 0.0, 0.0, 
0.255, 0.037, 0.605, 0.057, 0.035, 0.011, 0.0, 0.0, 
0.264, 0.031, 0.095, 0.03, 0.21, 0.033, 0.036, 0.301, 
0.131, 0.344, 0.104, 0.044, 0.086, 0.05, 0.04, 0.201, 
0.194, 0.014, 0.058, 0.19, 0.075, 0.008, 0.437, 0.024, 
0.612, 0.035, 0.138, 0.019, 0.004, 0.05, 0.142, 0.0, 
0.202, 0.066, 0.53, 0.079, 0.015, 0.08, 0.025, 0.003, 
0.221, 0.115, 0.154, 0.025, 0.021, 0.137, 0.074, 0.253, 
0.687, 0.051, 0.017, 0.142, 0.051, 0.052, 0.0, 0.0, 
0.014, 0.433, 0.046, 0.242, 0.185, 0.013, 0.067, 0.0, 
0.344, 0.031, 0.059, 0.129, 0.177, 0.029, 0.231, 0.0, 
0.209, 0.033, 0.049, 0.14, 0.084, 0.131, 0.348, 0.006, 
0.027, 0.154, 0.107, 0.108, 0.092, 0.395, 0.062, 0.055, 
0.02, 0.533, 0.024, 0.005, 0.017, 0.29, 0.071, 0.04, 
0.426, 0.044, 0.128, 0.033, 0.027, 0.056, 0.107, 0.179, 
0.608, 0.07, 0.018, 0.006, 0.136, 0.095, 0.067, 0.0, 
0.621, 0.046, 0.088, 0.067, 0.097, 0.072, 0.009, 0.0, 
0.435, 0.059, 0.024, 0.016, 0.188, 0.266, 0.012, 0.0, 
0.978, 0.002, 0.006, 0.012, 0.002, 0.0, 0.0, 0.0, 
0.034, 0.18, 0.203, 0.023, 0.055, 0.007, 0.365, 0.133, 
0.143, 0.046, 0.039, 0.223, 0.013, 0.092, 0.34, 0.104, 
0.391, 0.009, 0.099, 0.126, 0.112, 0.039, 0.161, 0.063, 
0.1, 0.353, 0.072, 0.104, 0.144, 0.144, 0.032, 0.051, 
0.759, 0.011, 0.018, 0.009, 0.009, 0.008, 0.065, 0.121, 
0.225, 0.068, 0.243, 0.012, 0.08, 0.324, 0.048, 0.0, 
0.049, 0.042, 0.308, 0.121, 0.013, 0.072, 0.349, 0.046, 
0.022, 0.423, 0.106, 0.189, 0.211, 0.033, 0.016, 0.0, 
0.05, 0.085, 0.052, 0.064, 0.066, 0.077, 0.449, 0.157, 
0.025, 0.25, 0.016, 0.033, 0.135, 0.511, 0.03, 0.0, 
0.028, 0.076, 0.099, 0.304, 0.213, 0.138, 0.039, 0.103, 
0.186, 0.226, 0.08, 0.146, 0.014, 0.048, 0.18, 0.12, 
0.431, 0.043, 0.126, 0.062, 0.221, 0.005, 0.112, 0.0, 
0.546, 0.243, 0.093, 0.07, 0.019, 0.029, 0.0, 0.0, 
0.156, 0.108, 0.347, 0.019, 0.077, 0.257, 0.036, 0.0, 
0.068, 0.056, 0.229, 0.119, 0.015, 0.055, 0.311, 0.147, 
0.098, 0.254, 0.091, 0.354, 0.055, 0.056, 0.06, 0.032, 
0.15, 0.033, 0.084, 0.261, 0.016, 0.032, 0.398, 0.026, 
0.123, 0.029, 0.655, 0.026, 0.022, 0.065, 0.055, 0.025, 
0.311, 0.033, 0.021, 0.211, 0.033, 0.254, 0.088, 0.049, 
0.604, 0.023, 0.047, 0.017, 0.13, 0.095, 0.053, 0.031, 
0.981, 0.004, 0.015, 0.0, 0.0, 0.0, 0.0, 0.0, 
0.765, 0.009, 0.021, 0.085, 0.021, 0.015, 0.084, 0.0, 
0.745, 0.027, 0.012, 0.03, 0.015, 0.122, 0.04, 0.009, 
0.428, 0.067, 0.11, 0.034, 0.031, 0.053, 0.083, 0.194, 
0.795, 0.045, 0.018, 0.024, 0.065, 0.011, 0.042, 0.0, 
0.369, 0.089, 0.029, 0.079, 0.045, 0.072, 0.264, 0.053, 
0.053, 0.504, 0.014, 0.065, 0.143, 0.091, 0.068, 0.062, 
0.04, 0.349, 0.189, 0.214, 0.101, 0.061, 0.046, 0.0, 
0.245, 0.031, 0.165, 0.105, 0.035, 0.194, 0.126, 0.099, 
0.036, 0.126, 0.075, 0.014, 0.081, 0.216, 0.083, 0.369, 
0.178, 0.044, 0.08, 0.088, 0.038, 0.026, 0.516, 0.03, 
0.11, 0.112, 0.147, 0.149, 0.046, 0.277, 0.099, 0.06, 
0.316, 0.071, 0.383, 0.043, 0.057, 0.026, 0.076, 0.028, 
0.342, 0.022, 0.108, 0.269, 0.077, 0.121, 0.061, 0.0, 
0.091, 0.043, 0.113, 0.077, 0.076, 0.217, 0.082, 0.301, 
0.266, 0.028, 0.214, 0.073, 0.2, 0.143, 0.076, 0.0, 
0.841, 0.005, 0.06, 0.002, 0.059, 0.015, 0.012, 0.006, 
0.519, 0.012, 0.228, 0.038, 0.009, 0.03, 0.138, 0.026, 
0.823, 0.019, 0.004, 0.029, 0.1, 0.025, 0.0, 0.0, 
0.978, 0.002, 0.007, 0.011, 0.002, 0.0, 0.0, 0.0, 
0.06, 0.126, 0.299, 0.02, 0.055, 0.054, 0.301, 0.085, 
0.01, 0.036, 0.13, 0.065, 0.095, 0.163, 0.034, 0.467, 
0.308, 0.008, 0.249, 0.246, 0.03, 0.159, 0.0, 0.0, 
0.522, 0.029, 0.041, 0.026, 0.072, 0.075, 0.191, 0.044, 
0.342, 0.039, 0.036, 0.196, 0.064, 0.178, 0.066, 0.079, 
0.976, 0.002, 0.008, 0.012, 0.002, 0.0, 0.0, 0.0, 
0.104, 0.229, 0.047, 0.023, 0.248, 0.082, 0.267, 0.0, 
0.383, 0.025, 0.13, 0.057, 0.045, 0.117, 0.121, 0.122, 
0.049, 0.12, 0.309, 0.049, 0.048, 0.005, 0.344, 0.076, 
0.048, 0.02, 0.066, 0.034, 0.28, 0.147, 0.32, 0.085, 
0.466, 0.141, 0.067, 0.154, 0.04, 0.024, 0.064, 0.044, 
0.126, 0.021, 0.262, 0.223, 0.152, 0.049, 0.167, 0.0, 
0.012, 0.319, 0.002, 0.018, 0.371, 0.021, 0.246, 0.011, 
0.807, 0.011, 0.024, 0.02, 0.02, 0.051, 0.067, 0.0, 
0.066, 0.342, 0.033, 0.03, 0.242, 0.192, 0.027, 0.068, 
0.198, 0.053, 0.016, 0.089, 0.174, 0.025, 0.007, 0.438, 
0.453, 0.154, 0.034, 0.093, 0.231, 0.02, 0.015, 0.0, 
0.032, 0.143, 0.133, 0.397, 0.04, 0.095, 0.044, 0.116, 
0.21, 0.091, 0.085, 0.041, 0.02, 0.029, 0.442, 0.082, 
0.102, 0.12, 0.257, 0.025, 0.09, 0.074, 0.32, 0.012, 
0.958, 0.002, 0.021, 0.019, 0.0, 0.0, 0.0, 0.0, 
0.293, 0.035, 0.011, 0.074, 0.156, 0.007, 0.047, 0.377, 
0.148, 0.142, 0.226, 0.019, 0.03, 0.017, 0.344, 0.074, 
0.054, 0.009, 0.046, 0.084, 0.123, 0.256, 0.428, 0.0, 
0.189, 0.208, 0.031, 0.351, 0.06, 0.138, 0.023, 0.0, 
0.296, 0.031, 0.018, 0.239, 0.046, 0.083, 0.287, 0.0, 
0.954, 0.004, 0.018, 0.023, 0.001, 0.0, 0.0, 0.0, 
0.941, 0.025, 0.02, 0.007, 0.007, 0.0, 0.0, 0.0, 
0.328, 0.112, 0.052, 0.016, 0.151, 0.252, 0.07, 0.019, 
0.369, 0.04, 0.099, 0.04, 0.032, 0.361, 0.043, 0.016, 
0.711, 0.025, 0.021, 0.129, 0.026, 0.088, 0.0, 0.0, 
0.383, 0.025, 0.13, 0.057, 0.045, 0.117, 0.121, 0.122, 
0.288, 0.089, 0.055, 0.063, 0.066, 0.297, 0.022, 0.12, 
0.293, 0.035, 0.011, 0.074, 0.156, 0.007, 0.047, 0.377, 
0.966, 0.002, 0.012, 0.015, 0.005, 0.0, 0.0, 0.0, 
0.124, 0.027, 0.432, 0.201, 0.072, 0.075, 0.025, 0.044, 
0.974, 0.002, 0.01, 0.014, 0.0, 0.0, 0.0, 0.0, 
0.961, 0.004, 0.009, 0.015, 0.011, 0.0, 0.0, 0.0, 
0.052, 0.138, 0.107, 0.45, 0.026, 0.134, 0.058, 0.035, 
0.127, 0.044, 0.478, 0.034, 0.107, 0.018, 0.043, 0.149, 
0.093, 0.086, 0.144, 0.01, 0.132, 0.209, 0.326, 0.0, 
0.654, 0.013, 0.083, 0.036, 0.079, 0.038, 0.097, 0.0, 
0.198, 0.043, 0.056, 0.393, 0.223, 0.054, 0.033, 0.0, 
0.918, 0.004, 0.005, 0.026, 0.013, 0.034, 0.0, 0.0, 
0.179, 0.321, 0.061, 0.439, 0.0, 0.0, 0.0, 0.0, 
0.334, 0.173, 0.161, 0.01, 0.015, 0.209, 0.098, 0.0, 
0.151, 0.063, 0.305, 0.01, 0.047, 0.344, 0.08, 0.0, 
0.29, 0.034, 0.017, 0.36, 0.142, 0.074, 0.02, 0.063, 
0.982, 0.002, 0.002, 0.007, 0.007, 0.0, 0.0, 0.0, 
0.034, 0.194, 0.32, 0.078, 0.04, 0.122, 0.057, 0.155, 
0.977, 0.002, 0.009, 0.012, 0.0, 0.0, 0.0, 0.0, 
0.09, 0.113, 0.233, 0.036, 0.065, 0.062, 0.324, 0.077, 
0.459, 0.021, 0.118, 0.08, 0.03, 0.135, 0.091, 0.066, 
0.1, 0.114, 0.305, 0.33, 0.072, 0.054, 0.025, 0.0, 
0.976, 0.002, 0.009, 0.013, 0.0, 0.0, 0.0, 0.0, 
0.931, 0.002, 0.002, 0.035, 0.003, 0.024, 0.003, 0.0, 
0.3, 0.035, 0.328, 0.203, 0.008, 0.084, 0.019, 0.023, 
0.115, 0.035, 0.025, 0.025, 0.463, 0.018, 0.099, 0.22, 
0.041, 0.175, 0.383, 0.302, 0.062, 0.015, 0.022, 0.0, 
0.199, 0.064, 0.112, 0.373, 0.101, 0.087, 0.036, 0.028, 
0.019, 0.069, 0.664, 0.078, 0.104, 0.066, 0.0, 0.0, 
0.722, 0.021, 0.02, 0.02, 0.101, 0.096, 0.02, 0.0, 
0.894, 0.014, 0.011, 0.04, 0.005, 0.036, 0.0, 0.0, 
0.022, 0.019, 0.054, 0.035, 0.029, 0.047, 0.279, 0.515, 
0.967, 0.002, 0.015, 0.016, 0.0, 0.0, 0.0, 0.0, 
0.927, 0.006, 0.012, 0.008, 0.037, 0.01, 0.0, 0.0, 
0.254, 0.015, 0.06, 0.187, 0.341, 0.143, 0.0, 0.0, 
0.972, 0.003, 0.014, 0.011, 0.0, 0.0, 0.0, 0.0, 
0.144, 0.04, 0.352, 0.012, 0.112, 0.005, 0.301, 0.034, 
0.421, 0.009, 0.118, 0.087, 0.03, 0.122, 0.117, 0.096, 
0.918, 0.004, 0.036, 0.033, 0.009, 0.0, 0.0, 0.0, 
0.042, 0.16, 0.019, 0.43, 0.217, 0.017, 0.022, 0.093, 
0.338, 0.262, 0.4, 0.0, 0.0, 0.0, 0.0, 0.0, 
0.745, 0.066, 0.109, 0.028, 0.05, 0.002, 0.0, 0.0, 
0.189, 0.029, 0.081, 0.047, 0.052, 0.363, 0.045, 0.194, 
0.809, 0.03, 0.006, 0.037, 0.006, 0.006, 0.017, 0.089, 
0.211, 0.033, 0.121, 0.032, 0.035, 0.027, 0.067, 0.474, 
0.284, 0.009, 0.346, 0.242, 0.012, 0.015, 0.056, 0.036, 
0.166, 0.064, 0.545, 0.084, 0.014, 0.099, 0.021, 0.007, 
0.905, 0.011, 0.016, 0.053, 0.015, 0.0, 0.0, 0.0, 
0.316, 0.017, 0.421, 0.138, 0.023, 0.023, 0.032, 0.03, 
0.977, 0.002, 0.008, 0.013, 0.0, 0.0, 0.0, 0.0, 
0.312, 0.07, 0.043, 0.034, 0.094, 0.216, 0.089, 0.142, 
0.479, 0.188, 0.071, 0.086, 0.056, 0.038, 0.036, 0.046, 
0.975, 0.002, 0.011, 0.012, 0.0, 0.0, 0.0, 0.0, 
0.534, 0.004, 0.086, 0.08, 0.013, 0.159, 0.075, 0.049, 
0.09, 0.113, 0.233, 0.036, 0.065, 0.062, 0.324, 0.077, 
0.887, 0.006, 0.007, 0.007, 0.007, 0.059, 0.027, 0.0, 
1, 0.0, 0.0, 0.0, 0.0, 0.0, 0.0, 0.0, 
0.064, 0.129, 0.191, 0.309, 0.109, 0.058, 0.14, 0.0, 
0.467, 0.178, 0.355, 0.0, 0.0, 0.0, 0.0, 0.0, 
0.045, 0.174, 0.02, 0.022, 0.018, 0.67, 0.012, 0.039, 
0.068, 0.052, 0.88, 0.0, 0.0, 0.0, 0.0, 0.0, 
0.976, 0.002, 0.008, 0.014, 0.0, 0.0, 0.0, 0.0, 
0.076, 0.122, 0.314, 0.256, 0.063, 0.021, 0.128, 0.02, 
0.421, 0.009, 0.118, 0.087, 0.03, 0.122, 0.117, 0.096, 
0.177, 0.07, 0.01, 0.346, 0.019, 0.109, 0.221, 0.048, 
0.281, 0.484, 0.088, 0.04, 0.004, 0.027, 0.03, 0.046, 
0.172, 0.171, 0.072, 0.095, 0.044, 0.333, 0.113, 0.0, 
0.055, 0.093, 0.016, 0.547, 0.165, 0.066, 0.024, 0.034, 
0.515, 0.105, 0.007, 0.122, 0.03, 0.086, 0.125, 0.01, 
0.155, 0.136, 0.296, 0.018, 0.025, 0.051, 0.279, 0.04, 
0.147, 0.682, 0.06, 0.012, 0.028, 0.026, 0.02, 0.025, 
0.437, 0.025, 0.036, 0.038, 0.025, 0.086, 0.045, 0.308, 
0.976, 0.002, 0.009, 0.013, 0.0, 0.0, 0.0, 0.0, 
0.292, 0.286, 0.146, 0.087, 0.151, 0.038, 0.0, 0.0, 
0.267, 0.168, 0.059, 0.054, 0.118, 0.212, 0.042, 0.08, 
0.952, 0.003, 0.029, 0.016, 0.0, 0.0, 0.0, 0.0, 
0.228, 0.016, 0.192, 0.316, 0.02, 0.098, 0.13, 0.0, 
0.924, 0.026, 0.025, 0.021, 0.004, 0.0, 0.0, 0.0, 
0.511, 0.03, 0.071, 0.147, 0.044, 0.027, 0.17, 0.0, 
0.166, 0.064, 0.545, 0.084, 0.014, 0.099, 0.021, 0.007, 
0.098, 0.101, 0.218, 0.263, 0.046, 0.087, 0.043, 0.144, 
0.172, 0.083, 0.044, 0.157, 0.078, 0.066, 0.31, 0.09, 
0.286, 0.023, 0.005, 0.078, 0.149, 0.012, 0.043, 0.404, 
0.073, 0.112, 0.237, 0.036, 0.05, 0.067, 0.328, 0.097, 
0.092, 0.15, 0.246, 0.09, 0.037, 0.033, 0.289, 0.063, 
0.973, 0.002, 0.011, 0.014, 0.0, 0.0, 0.0, 0.0, 
0.344, 0.262, 0.238, 0.109, 0.016, 0.031, 0.0, 0.0, 
0.887, 0.017, 0.028, 0.029, 0.036, 0.003, 0.0, 0.0, 
0.974, 0.002, 0.012, 0.01, 0.002, 0.0, 0.0, 0.0, 
0.338, 0.662, 0.0, 0.0, 0.0, 0.0, 0.0, 0.0, 
0.61, 0.056, 0.018, 0.006, 0.116, 0.023, 0.076, 0.095, 
0.013, 0.421, 0.05, 0.202, 0.149, 0.024, 0.053, 0.088, 
0.162, 0.046, 0.556, 0.054, 0.017, 0.025, 0.032, 0.108, 
0.974, 0.002, 0.01, 0.014, 0.0, 0.0, 0.0, 0.0, 
0.244, 0.016, 0.154, 0.027, 0.2, 0.171, 0.043, 0.145, 
0.921, 0.005, 0.027, 0.028, 0.019, 0.0, 0.0, 0.0, 
0.974, 0.002, 0.01, 0.014, 0.0, 0.0, 0.0, 0.0, 
0.967, 0.002, 0.016, 0.015, 0.0, 0.0, 0.0, 0.0, 
0.97, 0.002, 0.013, 0.015, 0.0, 0.0, 0.0, 0.0, 
0.216, 0.157, 0.032, 0.081, 0.275, 0.204, 0.014, 0.021, 
0.359, 0.007, 0.286, 0.136, 0.084, 0.065, 0.042, 0.021, 
0.086, 0.065, 0.019, 0.612, 0.053, 0.013, 0.107, 0.045, 
0.017, 0.233, 0.048, 0.027, 0.204, 0.189, 0.226, 0.056, 
0.981, 0.002, 0.006, 0.011, 0.0, 0.0, 0.0, 0.0, 
0.027, 0.192, 0.145, 0.122, 0.07, 0.359, 0.055, 0.03, 
0.977, 0.002, 0.009, 0.012, 0.0, 0.0, 0.0, 0.0, 
0.143, 0.107, 0.125, 0.405, 0.006, 0.064, 0.052, 0.098, 
0.979, 0.002, 0.008, 0.011, 0.0, 0.0, 0.0, 0.0, 
0.199, 0.064, 0.112, 0.373, 0.101, 0.087, 0.036, 0.028, 
0.139, 0.148, 0.151, 0.32, 0.016, 0.055, 0.171, 0.0, 
0.223, 0.052, 0.132, 0.339, 0.009, 0.025, 0.161, 0.059, 
0.244, 0.092, 0.014, 0.15, 0.301, 0.008, 0.132, 0.059, 
0.935, 0.002, 0.03, 0.021, 0.006, 0.006, 0.0, 0.0, 
0.131, 0.706, 0.018, 0.043, 0.021, 0.014, 0.032, 0.035, 
0.972, 0.003, 0.012, 0.013, 0.0, 0.0, 0.0, 0.0, 
0.975, 0.002, 0.01, 0.013, 0.0, 0.0, 0.0, 0.0, 
0.944, 0.003, 0.002, 0.023, 0.025, 0.003, 0.0, 0.0, 
0.974, 0.002, 0.01, 0.014, 0.0, 0.0, 0.0, 0.0, 
0.159, 0.076, 0.007, 0.239, 0.016, 0.101, 0.346, 0.056, 
0.196, 0.061, 0.329, 0.069, 0.055, 0.031, 0.227, 0.032, 
0.122, 0.128, 0.615, 0.027, 0.014, 0.021, 0.021, 0.052, 
0.371, 0.012, 0.188, 0.168, 0.064, 0.038, 0.044, 0.115, 
0.14, 0.019, 0.038, 0.012, 0.533, 0.016, 0.06, 0.182, 
0.942, 0.019, 0.02, 0.019, 0.0, 0.0, 0.0, 0.0, 
0.136, 0.115, 0.329, 0.019, 0.085, 0.024, 0.242, 0.05, 
0.211, 0.068, 0.243, 0.074, 0.042, 0.343, 0.019, 0.0, 
0.978, 0.002, 0.007, 0.013, 0.0, 0.0, 0.0, 0.0, 
0.97, 0.002, 0.011, 0.015, 0.002, 0.0, 0.0, 0.0, 
0.127, 0.16, 0.065, 0.356, 0.021, 0.07, 0.17, 0.031, 
0.975, 0.002, 0.009, 0.014, 0.0, 0.0, 0.0, 0.0, 
0.976, 0.002, 0.009, 0.013, 0.0, 0.0, 0.0, 0.0, 
0.978, 0.002, 0.008, 0.012, 0.0, 0.0, 0.0, 0.0, 
0.335, 0.081, 0.027, 0.097, 0.28, 0.014, 0.102, 0.064, 
0.981, 0.002, 0.007, 0.01, 0.0, 0.0, 0.0, 0.0, 
0.018, 0.057, 0.021, 0.619, 0.031, 0.069, 0.15, 0.035, 
0.975, 0.002, 0.01, 0.013, 0.0, 0.0, 0.0, 0.0, 
0.792, 0.089, 0.119, 0.0, 0.0, 0.0, 0.0, 0.0, 
0.202, 0.069, 0.008, 0.222, 0.017, 0.075, 0.361, 0.046, 
